1,4506,2493,0,3557,0,4507,0
2,4507,2871,0
3
4
5,4506,1898,0
6,1898,2492,0,3557,1826,0,3855,0,4506,1920,0,2739,0
7,1898,513,0,1412,0,3557,1430,0,3855,827,0
8,513,20,0,90,0,2770,0,4568,0,827,4129,0,1826,388,0,1898,1516,0,2492,2996,0,3855,982,0,4506,1222,0
9,827,1424,0,982,522,0,3289,0,4466,0,1222,2172,0,1430,1611,0,3052,0,4316,0,4471,0,1826,2539,0,1920,1921,0,2770,16,0,2871,4682,0,2996,2474,0,4506,1748,0,2947,0,4568,3342,0,3439,0
10,16,1231,0,90,4465,0,388,3630,0,513,648,0,982,4764,0,1222,2965,0,1898,3631,0,1920,1922,0,4284,0,1921,2221,0,3141,0,3364,0,4092,0,4707,0,3052,1267,0,3342,3343,0,4446,0,3439,2039,0,2774,0,3544,0,3557,4645,0,4466,981,0
11,20,4662,0,388,3066,0,648,1734,0,1231,1674,0,2530,0,3880,0,4582,0,1412,1413,0,1424,1833,0,1920,4457,0,1921,146,0,266,0,1056,0,2512,0,2706,0,3361,0,1922,1041,0,1495,0,1626,0,2428,0,2913,0,3157,0,4825,0,2039,1371,0,2221,229,0,431,0,2379,0,3156,0,2770,718,0,2965,1747,0,3141,1577,0,3413,0,3442,0,4704,0,3342,2299,0,3364,394,0,3140,0,4280,0,4412,0,4626,0,3544,1230,0,3630,1273,0,4092,3356,0,3358,0,4446,512,0,4707,727,0,1266,0,1292,0,1656,0,1680,0,1724,0
12,16,1197,0,146,445,0,1157,0,1388,0,2209,0,2328,0,2519,0,4434,0,229,2850,0,3048,0,3427,0,4192,0,4303,0,266,264,0,2963,0,4577,0,394,99,0,557,0,820,0,1012,0,1384,0,1567,0,3414,0,3549,0,4462,0,431,188,0,738,0,883,0,3441,0,3446,0,3877,0,4428,0,513,1150,0,4469,0,727,2704,0,1041,1251,0,2812,0,1056,395,0,973,0,1919,0,1266,1321,0,2045,0,2151,0,2567,0,2588,0,3381,0,4024,0,1292,265,0,2147,0,2733,0,4193,0,1424,3667,0,1495,1130,0,1338,0,1593,0,1708,0,4304,0,4679,0,1577,2087,0,2799,0,1626,1263,0,2856,0,3344,0,3709,0,3815,0,4087,0,4789,0,1656,92,0,3167,0,1674,63,0,1724,1194,0,3501,0,1734,3938,0,1747,67,0,3242,0,1921,430,0,1248,0,1609,0,1983,0,4574,0,1922,1262,0,2221,1635,0,2150,0,3871,0,4624,0,2299,2528,0,2379,1253,0,1522,0,1892,0,3215,0,2428,50,0,1296,0,2512,158,0,931,0,4727,0,2530,3891,0,2706,4861,0,2774,2006,0,2913,842,0,2003,0,2023,0,3425,0,3140,401,0,558,0,2206,0,3165,0,3458,0,3156,1576,0,3157,640,0,2222,0,2736,0,3356,789,0,2587,0,3599,0,3358,3372,0,3361,582,0,3332,0,3379,0,3364,1383,0,2046,0,3413,2377,0,4211,0,3442,1984,0,2022,0,2946,0,3069,0,4092,195,0,1990,0,2290,0,2677,0,4129,575,0,1382,0,2396,0,4280,1293,0,1988,0,4810,0,4412,347,0,929,0,1385,0,2243,0,3328,0,3615,0,4446,983,0,4457,4458,0,4465,4383,0,4626,306,0,945,0,2514,0,2825,0,4704,3774,0,4703,0,4825,2754,0,4661,0
13,50,597,0,3550,0,63,489,0,92,994,0,4232,0,99,4684,0,158,2762,0,195,1154,0,1841,0,2164,0,2820,0,3049,0,229,4622,0,266,948,0,306,716,0,1899,0,347,150,0,394,1454,0,2577,0,395,228,0,4719,0,401,3187,0,430,495,0,3346,0,4377,0,445,1249,0,3500,0,557,1744,0,2401,0,3778,0,558,102,0,4605,0,582,610,0,810,0,835,0,1162,0,2257,0,2351,0,2727,0,3922,0,640,4094,0,827,3595,0,842,4096,0,4818,0,883,862,0,929,126,0,492,0,553,0,1839,0,2958,0,3533,0,4674,0,931,446,0,1223,0,4828,0,945,679,0,1655,0,981,3991,0,982,1515,0,1041,536,0,1056,2121,0,1157,1918,0,2120,0,4236,0,4872,0,1197,297,0,1248,1040,0,2763,0,1253,399,0,1252,0,1254,0,1262,52,0,1266,1335,0,3276,0,1293,2821,0,1321,1960,0,1383,397,0,1384,1705,0,2931,0,1385,180,0,1388,1304,0,2378,0,1430,1639,0,1495,224,0,1522,1387,0,2773,0,1593,728,0,3000,0,1609,2813,0,3554,0,1626,4573,0,1656,2162,0,1833,4816,0,1919,2205,0,4014,0,1921,3348,0,1922,147,0,1983,2524,0,4566,0,1988,2876,0,1990,1079,0,1982,0,2003,4739,0,2023,3026,0,2087,3449,0,2150,1959,0,2209,153,0,2221,2659,0,2222,304,0,1077,0,1686,0,2488,0,3040,0,2243,3987,0,2290,3480,0,2379,4718,0,2512,865,0,2514,1017,0,1502,0,3227,0,3728,0,4646,0,2530,587,0,2041,0,2587,2667,0,2704,2427,0,2733,2115,0,3665,0,4550,0,2736,103,0,2770,32,0,227,0,2825,1553,0,3291,0,3508,0,4863,0,2850,3116,0,2856,2999,0,3156,2002,0,3157,3601,0,3165,1011,0,3344,1858,0,3361,1987,0,3175,0,3427,846,0,1717,0,1769,0,2601,0,3458,4455,0,3815,1496,0,3877,121,0,3891,1780,0,4192,1129,0,4193,2398,0,4412,4013,0,4446,2272,0,4343,0,4582,4876,0,4626,2416,0,4664,0,4662,3909,0,4810,2600,0
14,16,4528,0,63,2420,0,99,1523,0,126,145,0,1088,0,1153,0,2542,0,4879,0,147,736,0,3430,0,3617,0,4375,0,224,222,0,227,694,0,304,809,0,826,0,1771,0,1797,0,4472,0,4858,0,489,1736,0,492,2094,0,2465,0,2849,0,4752,0,512,825,0,553,479,0,1914,0,2148,0,3713,0,4101,0,4133,0,4223,0,582,1972,0,2703,0,3114,0,610,2099,0,2295,0,3099,0,4625,0,4656,0,4829,0,789,1134,0,810,340,0,1783,0,4554,0,835,2001,0,3777,0,3867,0,3899,0,4623,0,846,226,0,3831,0,865,208,4661,359,4809,709,0,1100,0,1893,0,929,2095,0,2606,0,948,1569,0,1017,2572,0,4136,0,4435,0,1077,2294,0,3226,0,1079,4826,0,1197,4076,0,1252,712,0,3806,0,1254,1366,0,4529,0,1371,1866,0,1387,1179,0,1985,0,3135,0,3830,0,1388,680,0,1502,2508,0,4370,0,4737,0,1553,3136,0,3433,0,4720,0,1611,2778,0,1674,1082,0,1686,813,0,1087,0,1174,0,1717,1910,0,2089,0,2769,0,4773,0,1748,2475,0,1769,3312,0,4102,0,1920,3851,0,1960,4360,0,4763,0,1983,677,0,3699,0,1987,319,0,544,0,2353,0,2115,1875,0,3031,0,3600,0,4353,0,2120,3311,0,3488,0,2222,1546,0,2702,0,2257,1228,0,3507,0,3627,0,4509,0,2328,2075,0,2351,2340,0,2772,0,4426,0,2378,130,0,4209,0,2416,4305,0,2488,1173,0,1690,0,2575,0,2514,546,0,1954,0,2519,972,0,2524,569,0,1981,0,4328,0,4824,0,2530,4889,0,2727,2014,0,2733,1743,0,3775,0,2774,1394,0,2825,339,0,713,0,2728,0,4265,0,4856,0,2913,2912,0,2963,2962,0,3040,3039,0,3175,1543,0,1838,0,2653,0,3227,4743,0,3291,1101,0,3427,499,0,645,0,2753,0,3327,0,3859,0,3508,1979,0,2513,0,2652,0,3014,0,3533,570,0,2021,0,3549,3551,0,3601,4104,0,3665,120,0,3143,0,3468,0,3519,0,4094,185,3945,811,4655,975,4810,1617,0,3429,0,3870,0,4452,0,4465,1784,0,4550,3266,0,3857,0,4566,225,0,845,0,1074,0,3265,0,4050,0,4626,1376,0,4646,2807,0,3753,0,4664,2544,0,3952,0,4237,0,4371,0,4505,0,4674,1340,0,2116,0,4327,0,4863,1429,0,4872,4871,0,4876,4877,0
15,120,456,0,2324,0,4821,0,126,367,0,1278,0,1619,0,2072,0,2306,0,2930,0,2977,0,145,1971,0,2461,0,147,812,0,185,2478,0,4374,0,208,192,0,1536,0,1563,0,2051,0,2532,0,225,1198,0,2810,0,3823,0,297,3204,0,304,189,0,1175,0,3144,0,4387,0,319,318,0,340,1689,0,3117,0,4580,0,359,1426,0,1675,0,3061,0,4586,0,479,2073,0,3537,0,492,2787,0,3652,0,3757,0,499,592,0,928,0,3672,0,3824,0,4262,0,544,110,0,337,0,4294,0,546,1038,0,569,726,0,1207,0,1276,0,2982,0,3160,0,3977,0,570,211,0,3563,0,4188,0,4250,0,582,138,0,587,3847,0,610,4576,0,677,3313,0,680,681,0,709,1997,0,2200,0,712,2220,0,3297,0,4081,0,713,348,0,660,0,1354,0,1963,0,4025,0,4809,0,736,1588,0,2472,0,4672,0,809,3752,0,811,1055,0,1288,0,813,2238,0,826,2241,0,4454,0,835,2266,0,2959,0,846,384,0,1375,0,3281,0,4278,0,865,187,4588,498,4858,988,0,4138,0,929,2624,0,3113,0,975,976,0,1202,0,3096,0,4012,0,4108,0,1017,326,0,1016,0,4910,0,1074,1620,0,3708,0,3981,0,1077,369,0,1087,1840,0,3604,0,1088,800,0,2786,0,3189,0,1100,1825,0,1846,0,4339,0,1153,1180,0,2784,0,1179,2455,0,2887,0,2929,0,3629,0,1252,869,0,1254,1,0,473,0,3643,0,4196,0,1273,1274,0,1292,87,0,1296,1297,0,1340,2,0,368,0,3391,0,1366,609,0,711,0,1107,0,1371,2957,0,1376,4923,0,1502,3034,0,1543,4190,0,1546,438,0,1553,559,0,1617,2466,0,3619,0,4033,0,4520,0,1686,2049,0,1736,3250,0,1743,3145,0,1769,2709,0,3860,0,1875,212,0,4686,0,1893,1894,0,2123,0,1910,4519,0,4736,0,1914,1178,0,1696,0,2969,0,3263,0,1960,252,0,1972,2623,0,3900,0,1981,3101,0,1983,349,0,2711,0,1985,3380,0,2014,3730,0,4186,0,2021,951,0,1596,0,2330,0,3142,0,2089,1575,0,3670,0,2094,36,0,134,0,3579,0,2095,2122,0,2115,3290,0,4364,0,2116,184,0,844,0,3205,0,2148,1911,0,2477,0,3183,0,3848,0,2222,1847,0,2257,3729,0,2294,1554,0,1782,0,3404,0,2340,4301,0,2351,213,0,357,0,2353,1021,0,2465,2491,0,2475,4894,0,2488,3410,0,2513,4909,0,2514,3803,0,2542,4922,0,2544,2710,0,2572,25,0,2575,383,0,2606,2199,0,2702,4473,0,2703,3360,0,2733,642,0,864,0,3352,0,2753,4260,0,2769,4730,0,2772,2550,0,2807,3058,0,3460,0,2825,3236,0,2849,2141,0,2473,0,3052,932,0,3069,3071,0,3114,2258,0,3985,0,4354,0,3135,545,0,1968,0,3227,989,0,3265,4402,0,4731,0,3311,1298,0,3395,0,3312,376,0,3327,590,0,1049,0,1992,0,3427,3181,0,3429,303,0,2372,0,2585,0,2979,0,3131,0,3944,0,4827,0,3488,2083,0,4433,0,3519,1503,0,2352,0,3533,4252,0,3551,3025,0,3601,1521,0,3617,2016,0,3627,1535,0,3665,3953,0,3699,4261,0,4702,0,3713,1534,0,3967,0,3753,1470,0,3806,2496,0,2559,0,3830,3756,0,3831,623,0,3062,0,3859,2602,0,3870,433,0,2098,0,3899,1991,0,3922,3459,0,4050,751,0,1980,0,3396,0,4094,1342,0,4101,2541,0,4753,0,4102,2469,0,4103,0,4133,1885,0,4136,4408,0,4209,2236,0,4223,560,0,1300,0,3669,0,4265,2826,0,4305,2213,0,4529,2327,0,4587,0,4822,0,4550,3521,0,4624,451,0,4625,1164,0,4646,356,0,4662,2055,0,4737,305,0,4752,480,0,4773,4321,0,4824,3801,0,4889,330,0
16,1,1695,0,3746,0,4340,0,4525,0,16,687,0,32,1042,0,87,829,0,102,101,0,103,104,0,110,3984,0,120,440,0,126,798,0,130,2628,0,145,1970,0,2140,0,4329,0,147,44,0,2764,0,3671,0,187,1086,0,1999,0,2494,0,3827,0,3829,0,4031,0,4811,0,192,912,0,1201,0,1549,0,2599,0,3272,0,3277,0,3701,0,3707,0,208,28,0,1467,0,2661,0,3737,0,4155,0,211,1353,0,225,4132,0,4636,0,4675,0,303,2765,0,3817,0,304,2734,0,4400,0,305,641,0,1419,0,2418,0,318,1489,0,2914,0,4437,0,348,1168,0,349,3625,0,359,1646,0,367,2157,0,433,1693,0,2027,0,2682,0,3228,0,4028,0,456,1455,0,473,1682,0,2942,0,3947,0,479,2423,0,2708,0,480,122,0,498,3606,0,545,2802,0,553,124,0,560,193,0,569,4696,0,609,1170,0,2889,0,3374,0,610,109,0,623,469,0,4488,0,645,1548,0,660,312,0,2100,0,2399,0,4820,0,677,2212,0,711,2373,0,3621,0,4660,0,4857,0,726,551,0,751,3108,0,3676,0,800,3406,0,826,1958,0,844,750,0,865,2517,0,3060,0,3435,0,4249,0,928,2114,0,975,190,0,537,0,567,0,902,0,1200,0,1544,0,2112,0,4342,0,988,3080,0,1016,1491,0,4309,0,1038,84,0,1074,1916,0,1077,354,0,1087,2325,0,1100,1594,0,3901,0,1107,311,0,891,0,1400,0,3624,0,1164,491,0,1180,3,0,3245,0,1202,3534,0,4090,0,1207,1208,0,2426,0,4461,0,1228,2074,0,1252,1996,0,1254,2102,0,2523,0,3270,0,1276,731,0,1278,1386,0,1297,556,0,1234,0,2093,0,3716,0,1298,3986,0,1342,65,0,518,0,733,0,890,0,1451,0,2608,0,3927,0,1354,1169,0,1605,0,3350,0,1426,759,0,1430,4258,0,1563,3700,0,4599,0,1575,2925,0,3954,0,1596,3070,0,1617,4832,0,1675,355,0,1026,0,1929,0,3347,0,3357,0,1696,2654,0,1736,1737,0,3994,0,4030,0,1771,3409,0,1825,1105,0,1767,0,1838,4655,0,1846,993,0,1133,0,1866,2693,0,1885,346,0,1914,3663,0,1971,470,0,1315,0,2756,0,1981,1698,0,1985,3898,0,1992,3426,0,3920,0,2016,2015,0,3564,0,2051,1427,0,2098,851,0,1679,0,4610,0,2222,739,0,2290,2289,0,2306,4591,0,4729,0,2327,1097,0,2960,0,3254,0,2455,3782,0,2465,4080,0,2466,808,0,1163,0,1676,0,3874,0,2652,3594,0,2786,4277,0,2810,2809,0,2912,1069,0,2930,3616,0,2957,2139,0,2979,639,0,1106,0,2982,3724,0,4235,0,3025,3024,0,3061,737,0,1634,0,3096,3098,0,3099,1726,0,3140,3139,0,3160,3864,0,3250,3247,0,3263,847,0,3266,4093,0,3404,3407,0,3579,3581,0,3595,4141,0,3619,1901,0,2104,0,2622,0,2760,0,3643,4627,0,4924,0,3803,4592,0,3806,3804,0,3867,3239,0,3870,625,0,793,0,2525,0,3436,0,3945,0,3977,160,0,3750,0,4025,332,0,3180,0,4032,0,4033,2464,0,4138,1538,0,4196,4526,0,4327,946,0,4827,4634,0,4889,2091,0,4894,549,0,4909,637,0,4908,0
17,3,3012,0,65,4732,0,67,1020,0,190,1490,0,193,1595,0,208,455,0,1881,0,2080,0,225,196,0,303,882,0,305,3137,0,311,2343,0,312,742,0,3791,0,318,1555,0,332,345,0,357,3310,0,359,2462,0,401,400,0,498,2084,0,537,3586,0,556,1821,0,3382,0,569,2414,0,609,2146,0,625,861,0,3274,0,639,3376,0,3402,0,677,678,0,680,3556,0,711,1934,0,726,4670,0,737,538,0,739,895,0,865,4842,0,890,2540,0,891,3858,0,975,974,0,988,82,0,4154,0,993,1545,0,1021,1022,0,1055,1132,0,1086,2113,0,1107,2048,0,1133,1790,0,1163,942,0,1266,1265,0,1315,2505,0,1371,1483,0,1427,3698,0,1489,2163,0,1536,3341,0,1544,2683,0,1546,1547,0,1594,1900,0,1605,3814,0,1634,1290,0,1693,1694,0,1695,1697,0,1747,1019,0,1846,1131,0,1898,1897,0,1971,4238,0,2015,3130,0,2041,1868,0,2095,2097,0,2098,4021,0,2289,2071,0,2353,3123,0,2372,336,0,521,0,2378,2956,0,2399,4733,0,2416,2415,0,2464,2145,0,3941,0,2494,2518,0,2628,1359,0,2661,1287,0,2682,4880,0,2693,2692,0,2756,2197,0,2774,1348,0,2889,850,0,3061,1568,0,3131,3520,0,3160,4663,0,3180,1329,0,3342,1867,0,3357,788,0,3581,4893,0,3606,3605,0,3701,3523,0,3775,3779,0,3848,3849,0,4032,3464,0,4094,408,4280,409,4294,4132,1453,0,4232,4231,0,4634,4633,0,4636,4635,0
18,336,249,0,359,4588,0,408,1796,0,587,588,0,639,2105,0,1042,1456,0,1130,574,0,1208,3721,0,1252,1255,0,1453,4074,0,1697,2365,0,1736,2529,0,1782,2905,0,1881,1883,0,1971,853,0,1045,0,1530,0,2020,0,3964,0,2104,2103,0,2157,2156,0,2222,1291,0,2236,2040,0,4925,0,2416,2417,0,2426,2424,0,2956,4503,0,2979,2978,0,3140,3138,0,3581,3417,0,3586,3585,0,3994,3996,0,4076,4389,0,4096,4097,0,4238,1378,0,2160,0,4286,0,4633,1807,0,4894,3686,0
19,130,129,0,549,775,0,850,2358,0,853,743,0,1151,0,1019,3497,0,1045,3294,0,1130,2684,0,1157,1160,0,1456,31,0,740,0,1483,1481,0,1489,3704,0,1530,1044,0,1536,4572,0,1734,1735,0,1901,3915,0,2020,3494,0,4594,0,2091,4456,0,2160,4391,0,2466,2463,0,2905,3976,0,3000,2125,0,3012,3292,0,3139,2865,0,3395,4395,0,3849,1746,0,3964,4920,0,3994,3997,0,4097,4130,0,4141,4000,0,4286,296,0,4389,734,0,4388,0,4894,3512,0,4925,3650,0
20,90,2397,0,124,1599,0,190,191,0,296,4779,0,446,1517,0,587,591,0,588,589,0,678,2029,0,775,1434,0,3203,0,798,215,0,929,930,0,976,2594,0,1045,4855,0,1130,2453,0,1151,1345,0,1267,1645,0,1348,58,0,1378,4362,0,1489,2245,0,1530,2896,0,1971,3223,0,1983,917,0,4406,0,2055,517,0,2156,2159,0,2222,4450,0,2423,4897,0,2529,1772,0,2706,2705,0,2733,2735,0,3012,3466,0,3024,1778,0,3139,4222,0,3292,2482,0,3494,2337,0,4775,0,3521,3522,0,3581,2880,0,3578,0,3686,2614,0,3779,3772,0,3874,3872,0,3891,3890,0,4286,3582,0,4340,4341,0,4388,1389,0,4591,4590,0,4594,4890,0
21,517,515,0,549,3666,0,4107,0,678,2920,0,775,630,0,1874,0,917,1781,0,1020,79,0,1044,732,0,1389,2885,0,1434,1309,0,4698,0,1481,3705,0,1536,3498,0,1772,1770,0,2020,906,0,2222,3481,0,2258,2224,0,2259,0,2328,2329,0,2417,554,0,2684,1493,0,2760,2759,0,2876,2877,0,2896,3255,0,3505,0,3024,4311,0,3250,3282,0,3512,3895,0,3803,1585,0,3872,204,0,4074,2265,0,4238,4669,0,4362,3302,0,4391,1730,0,4395,1117,0,4775,3919,0
22,79,78,0,630,1149,0,775,1181,0,890,4691,0,1019,1052,0,1157,1159,0,1315,2796,0,1496,1977,0,1585,1188,0,2020,896,0,2112,2111,0,2245,2244,0,2325,3710,0,2453,2454,0,2541,2251,0,2614,1060,0,2880,672,0,3014,3013,0,3031,3033,0,3255,1830,0,3294,1624,0,3481,834,0,3498,3483,0,3582,3583,0,3705,239,0,3296,0,3803,1189,0,4097,205,0,4107,4699,0,4594,458,0,4698,705,0,3843,0,4001,0,4897,2586,0,4920,179,0
23,239,240,0,249,673,0,674,0,469,2254,0,678,327,0,972,3462,0,1149,436,0,1160,1158,0,1181,692,0,1073,0,1230,4524,0,1315,1314,0,1342,1343,0,1434,1573,0,1456,1457,0,1971,3432,0,1992,1989,0,2002,4559,0,2290,2292,0,2614,60,0,2769,2768,0,2896,91,0,3345,0,2920,4034,0,3282,379,0,3310,3309,0,3464,3525,0,3512,1473,0,3523,619,0,3579,3580,0,3710,3711,0,3919,4195,0,4001,3516,0,4107,754,0,4590,83,0,4766,0,4594,1043,0,4633,753,0,1788,0,2543,0
24,60,2291,0,78,164,0,515,774,0,554,3861,0,753,1795,0,754,552,0,775,819,0,834,4221,0,930,4113,0,4532,0,1020,1876,0,1026,1027,0,1045,1218,0,1060,3894,0,1105,1089,0,1117,3943,0,1149,684,0,1194,1192,0,1291,636,0,1348,585,0,1555,1556,0,1735,343,0,1788,133,0,1807,4927,0,1983,956,0,2251,2013,0,2543,1561,0,2594,236,0,2796,3378,0,2896,4127,0,2978,1119,0,3130,3129,0,3183,4715,0,3203,533,0,3292,3011,0,3373,0,3302,900,0,3512,4318,0,3522,618,0,3666,405,0,3803,3478,0,3805,0,3829,3828,0,3843,2436,0,4094,4643,0,4599,4598,0,4698,3835,0,4816,4817,0
25,91,493,0,164,3473,0,179,952,0,228,4217,0,336,608,0,1638,0,648,646,0,680,4035,0,713,459,0,716,717,0,743,744,0,902,901,0,1060,235,0,1089,1108,0,1230,3942,0,1314,4183,0,1345,3527,0,1348,4315,0,1536,2719,0,1573,4495,0,1585,805,0,2231,0,1747,3103,0,1795,4757,0,1983,55,0,2224,2228,0,2251,760,0,2254,4912,0,2291,2076,0,2796,2797,0,2912,4823,0,3223,4545,0,3429,3431,0,3756,3755,0,3874,3873,0,3895,3897,0,4318,4293,0,4391,3692,0,4682,199,0,4897,2010,0,4920,3229,0
26,235,1792,0,3758,0,493,46,0,587,4016,0,588,586,0,678,284,0,692,1182,0,775,162,0,864,863,0,1174,3917,0,1208,1209,0,1343,3636,0,1434,1034,0,1735,1081,0,1778,4453,0,1795,550,0,1876,1363,0,2029,285,0,2040,4331,0,2094,613,0,2098,3100,0,2231,1939,0,2258,2315,0,2426,2425,0,2880,671,0,3130,315,0,3460,3336,0,4383,4380,0,4532,4533,0,4549,0,4587,4423,0,4633,406,0,4816,4815,0,4817,2722,0
27,58,4562,0,240,238,0,533,3738,0,588,934,0,753,4759,0,906,913,0,1021,2909,0,1181,1474,0,1363,310,0,2029,2951,0,2072,4853,0,2329,1090,0,3031,4120,0,3336,2634,0,3460,747,0,3498,2058,0,3917,598,0,4001,4002,0,4423,4424,0,4453,907,0
28,78,4798,0,228,3072,0,4220,0,473,474,0,586,4906,0,671,2458,0,734,735,0,900,898,0,901,622,0,1027,1843,0,1686,1688,0,3378,88,0,2972,0,3395,4396,0,3498,1519,0,3580,1067,0,3636,3635,0,3758,3810,0,3823,323,0,4097,962,0,4318,2391,0,4599,4600,0
29,162,481,0,343,344,0,408,1761,0,569,568,0,674,294,0,890,1006,0,962,564,0,1067,3006,0,1473,4463,0,4916,0,1519,4695,0,1897,667,0,2224,1947,0,2951,2153,0,3378,3515,0,3522,3809,0,3580,3384,0,3861,4201,0,4823,1578,0
30,88,4233,0,265,267,0,379,3163,0,805,1937,0,901,1891,0,913,4786,0,962,2495,0,1081,2745,0,1108,3104,0,1291,283,0,1578,1579,0,1807,4931,0,1939,1940,0,1947,2118,0,2058,2056,0,2224,3301,0,2228,903,0,2909,3799,0,2972,4164,0,3247,3248,0,3473,528,0,3470,0,3635,887,0,3823,4769,0,4107,3918,0,4120,1879,0,4643,3574,0,4642,0,4757,721,0
