1,15563,41985,1
2
3,41985,29513,2
4
5,15563,49144,1
6
7,15563,23735,1
8,23735,41942,1
9
10,49144,3876,1
11,23735,28946,1
12,3876,47191,2
13,15563,20838,0,26530,1,41985,33477,1,47191,8799,2
14,33477,29872,0
15,3876,22213,1,20838,37433,1
16
17,41942,45959,2
18,3876,23176,1,20838,16335,1,26530,32136,0,47191,23644,1
19,3876,5889,1,20838,48023,2,37433,1018,1
20,1018,31435,1
21,26530,7113,2,37433,9391,2
22,5889,7489,0,1077,0,9391,31803,2,23644,6741,2
23,7113,20189,1,7489,44564,1,37433,35648,1
24,1077,34911,1,7113,23559,2,31435,18421,1,37433,3514,1
25,37433,27661,1
26,7113,8463,1,18421,25101,2
27,25101,32148,1
28,23559,37064,2,25101,33751,2
29
30
