1,1434,2543,0
2,1434,3666,0,2543,721,0,1034,0
3,721,819,0,2543,552,0,753,0,3666,1073,0,1792,0
4,552,4107,0,4759,0,721,4698,0,753,133,0,1561,0,819,162,0,1073,1761,0,4495,0,2543,3895,0
5,162,692,0,3512,0,552,1788,0,1795,0,753,4293,0,819,3835,0,1561,1149,0,1181,0,3895,1182,0,1474,0,4698,4001,0
6,162,60,0,692,705,0,753,2291,0,1181,684,0,3835,481,0,3693,0,4001,720,0,4699,0,4293,4894,0,4495,4318,0,4494,0
7,162,1807,0,481,3686,0,692,1060,0,1073,235,0,969,0,1792,549,0,1795,4633,0,2291,4927,0,3895,3896,0,4001,550,0,4107,4311,0,4494,4496,0
8,133,754,0,162,4757,0,235,2614,0,549,405,0,692,3203,0,705,3843,0,1795,406,0,3693,3837,0,3835,675,0,4107,2432,0,4698,3894,0
9,133,1573,0,162,2436,0,481,2475,0,550,4335,0,969,408,0,4318,2391,0,4698,630,0,4927,2076,0
10,162,1473,0,481,478,0,552,553,0,684,683,0,754,823,0,969,2308,0,1792,1791,0,1807,3516,0,2391,4322,0,2436,2435,0,3894,1907,0,4107,1778,0,4317,0,4318,533,0,775,0
11,406,3712,0,553,812,0,2016,0,3920,0,675,3838,0,1792,1793,0,1795,3758,0,1807,3810,0
12,162,436,0,406,1463,0,553,384,0,929,0,3189,0,4223,0,683,1023,0,812,44,0,590,0,1548,0,1620,0,2114,0,3205,0,3563,0,3967,0,4328,0,1149,1874,0,1793,2384,0,2016,1074,0,2120,0,3713,0,2475,388,0,1382,0,3894,2685,0,3920,569,0,1088,0,1198,0,2925,0,3396,0,3824,0
13,44,1698,0,2461,0,4132,0,4729,0,384,2809,0,2929,0,3311,0,3625,0,3652,0,4321,0,553,1596,0,2021,0,3183,0,3327,0,3676,0,3898,0,569,788,0,882,0,1180,0,2141,0,4050,0,4250,0,4663,0,590,677,0,2802,0,3265,0,4773,0,812,367,0,1885,0,2199,0,3101,0,3848,0,4101,0,4252,0,4636,0,929,3245,0,4455,0,1074,623,0,2491,0,2602,0,2624,0,1088,1386,0,1910,0,1911,0,2330,0,3954,0,1198,4261,0,1382,4457,0,1548,2455,0,1620,2786,0,3537,0,3860,0,2016,470,0,1375,0,2606,0,2711,0,4080,0,4188,0,4824,0,2114,4731,0,2120,153,0,1276,0,2930,0,4674,0,4727,0,2685,4315,0,4538,0,2925,147,0,592,0,1992,0,3427,0,3189,1769,0,4591,0,3205,226,0,1534,0,1983,0,2969,0,3671,0,3830,0,4327,0,3396,1916,0,4488,0,3516,3515,0,3563,479,0,2465,0,3062,0,3391,0,3617,0,4753,0,3713,211,0,570,0,2542,0,3708,0,3824,845,0,4461,0,4702,0,3920,346,0,1387,0,3967,800,0,4328,750,0,3533,0,4736,0,4699,4897,0
14,44,1595,0,2083,0,2157,0,147,1179,0,2306,0,3116,0,4087,0,4375,0,153,146,0,158,0,973,0,1011,0,2913,0,4303,0,211,1278,0,1300,0,2072,0,226,469,0,2426,0,3663,0,4133,0,346,3699,0,4730,0,384,376,0,1536,0,2654,0,470,122,0,1619,0,2140,0,479,2524,0,553,798,0,2769,0,3281,0,569,1426,0,2753,0,3756,0,4670,0,4752,0,570,4433,0,592,4278,0,623,3616,0,3859,0,677,1340,0,2095,0,2148,0,750,184,0,2787,0,3782,0,788,538,0,1163,0,2027,0,2373,0,2466,0,3137,0,3701,0,4437,0,800,480,0,882,3,0,975,0,1100,0,2100,0,2104,0,3700,0,3707,0,4587,0,4599,0,929,558,0,930,0,1311,0,1321,0,1841,0,4922,0,1074,124,0,492,0,1180,928,0,1049,0,1276,751,0,2709,0,2977,0,3181,0,1375,844,0,1970,0,2810,0,1386,1383,0,4519,0,4879,0,1387,150,0,1263,0,1569,0,2849,0,1463,1975,0,1473,2346,0,1548,3669,0,4675,0,1596,560,0,3070,0,1620,3135,0,3760,0,1885,1985,0,3670,0,1911,1914,0,1916,3488,0,1983,126,0,1266,0,2162,0,2708,0,2887,0,4262,0,1992,3801,0,2016,3564,0,2021,3313,0,2114,3823,0,2120,736,0,1249,0,2141,3629,0,2199,1207,0,4329,0,2384,3957,0,2455,2,0,2212,0,2477,0,2461,349,0,3108,0,2542,846,0,2541,0,2606,1298,0,2711,1588,0,3142,0,2786,134,0,3757,0,2802,645,0,2809,36,0,2925,225,0,2929,1971,0,2930,2423,0,3981,0,3062,3312,0,3101,1153,0,2784,0,3245,368,0,3113,0,3311,2073,0,3986,0,3327,1178,0,2122,0,3396,1981,0,3427,1338,0,1353,0,3774,0,4280,0,4828,0,3515,4063,0,3533,499,0,3625,2094,0,3652,4402,0,3671,847,0,3676,3831,0,3712,2420,0,3810,4931,0,3830,4277,0,3860,3430,0,3898,1575,0,4050,1696,0,4049,0,4080,1717,0,4188,731,0,2089,0,4250,3263,0,4252,3406,0,4321,2116,0,4455,495,0,2519,0,4462,0,4457,575,0,4538,1349,0,4636,4634,0,4663,65,0,2760,0,3624,0,4842,0,4727,994,0,1251,0,1982,0,3332,0,4773,3672,0
15,3,4526,0,65,433,0,988,0,1767,0,1825,0,1881,0,2682,0,3429,0,134,1968,0,146,1194,0,1988,0,3358,0,4818,0,4872,0,150,228,0,1922,0,153,2046,0,2401,0,2799,0,3615,0,158,3446,0,4024,0,211,2469,0,368,1087,0,469,193,0,2254,0,495,347,0,2221,0,3157,0,4014,0,538,305,0,345,0,551,0,1026,0,1201,0,1549,0,1634,0,1999,0,4529,0,558,1567,0,2587,0,3442,0,569,2764,0,3096,0,623,624,0,750,4102,0,788,1934,0,3746,0,3874,0,846,3380,0,882,1563,0,2525,0,3357,0,928,951,0,929,3156,0,4704,0,973,557,0,1292,0,3480,0,3987,0,975,1329,0,2163,0,994,1012,0,1129,0,2763,0,4577,0,1011,1609,0,1100,742,0,912,0,1105,0,1254,0,2084,0,4021,0,1149,1152,0,1163,355,0,1682,0,2343,0,2914,0,4154,0,1179,145,0,1249,431,0,3379,0,3458,0,3877,0,4434,0,1251,2121,0,2946,0,1263,401,0,1577,0,2762,0,2963,0,4232,0,1266,1522,0,1705,0,1724,0,2045,0,3187,0,4192,0,1278,2472,0,1311,2240,0,1321,121,0,640,0,2601,0,4094,0,4096,0,1338,1523,0,2736,0,1375,4566,0,1382,1748,0,1383,948,0,1635,0,1708,0,3372,0,1387,820,0,1990,0,4605,0,1426,1055,0,3864,0,3870,0,1536,2979,0,3426,0,4136,0,4858,0,1569,4703,0,4861,0,1620,661,0,1793,1740,0,1841,188,0,306,0,1056,0,1838,0,2205,0,2398,0,3344,0,1971,1238,0,1771,0,3460,0,1983,1079,0,4707,0,2016,4672,0,2027,1290,0,2399,0,3621,0,3858,0,2073,2473,0,2100,455,0,556,0,713,0,3520,0,3814,0,4235,0,4339,0,2104,3341,0,3941,0,2120,196,0,1980,0,4573,0,2122,3395,0,2162,728,0,2150,0,4626,0,4661,0,2373,1400,0,4832,0,2426,545,0,2466,1086,0,1467,0,4627,0,2519,2577,0,3549,0,4304,0,2606,2608,0,2760,3716,0,2913,399,0,3165,0,3101,3100,0,3116,727,0,3413,0,3599,0,4622,0,3137,865,0,2113,0,2532,0,3228,0,3829,0,3181,4260,0,3245,3244,0,3332,2147,0,3381,0,3515,1459,0,3624,1605,0,2540,0,3700,851,0,1234,0,1538,0,3382,0,3619,0,4090,0,4520,0,3701,187,0,681,0,1846,0,2765,0,3707,518,0,1097,0,4880,0,3774,862,0,1576,0,3449,0,4063,2851,0,4087,1154,0,1262,0,3361,0,4280,4624,0,4303,3871,0,4412,0,4789,0,4375,1680,0,3346,0,4455,1959,0,4719,0,4457,2996,0,4462,1960,0,2290,0,4092,0,4587,2414,0,4599,1,0,318,0,3060,0,4030,0,4155,0,4634,1555,0,4663,625,0,2327,0,3376,0,4670,1131,0,3750,0,3817,0,4727,229,0,395,0,4729,397,0,4736,4738,0,4828,1385,0,1454,0,2075,0,2512,0,2733,0,4827,0,4842,2146,0,3435,0,3737,0,4696,0
16,1,1676,0,2105,0,65,3827,0,121,195,0,265,0,972,0,1858,0,150,536,0,153,430,0,3441,0,3501,0,3778,0,4013,0,187,1679,0,2585,0,3944,0,188,945,0,1388,0,1921,0,228,1839,0,4589,0,305,609,0,1342,0,3433,0,3643,0,4342,0,306,883,0,3554,0,3815,0,318,160,0,192,0,4733,0,345,2517,0,2599,0,2683,0,3436,0,3945,0,4108,0,347,3069,0,355,1200,0,1297,0,1900,0,3272,0,3586,0,3698,0,368,1071,0,1991,0,2416,0,3360,0,4664,0,395,103,0,2931,0,3348,0,397,1384,0,3026,0,3500,0,399,92,0,2856,0,401,4193,0,4826,0,431,445,0,1744,0,2377,0,2704,0,3000,0,3709,0,433,3374,0,455,3160,0,495,50,0,1655,0,2002,0,518,1490,0,2462,0,3534,0,538,28,0,551,303,0,2523,0,4811,0,557,1919,0,558,2022,0,625,208,0,640,842,0,4739,0,661,511,0,681,890,0,713,726,0,902,0,942,0,1106,0,1427,0,1821,0,2478,0,3239,0,4473,0,727,1892,0,2379,0,3550,0,728,4810,0,742,3131,0,4732,0,751,1396,0,851,2080,0,3254,0,862,2164,0,865,326,4727,3136,0,882,3901,0,912,1366,0,3270,0,3791,0,929,1084,0,2209,0,3085,0,973,1495,0,975,1491,0,988,861,0,1963,0,1012,1040,0,1026,1132,0,1133,0,1055,2464,0,1056,1656,0,2328,0,1079,679,0,2999,0,1087,864,0,2544,0,2959,0,3777,0,4426,0,1097,2960,0,1100,498,0,4588,0,4820,0,4822,0,1105,4586,0,1129,224,0,738,0,1131,2889,0,1154,2821,0,1163,311,0,2102,0,2372,0,1178,1937,0,1194,1134,0,1201,3927,0,4525,0,1249,3141,0,4679,0,1251,1252,0,1626,0,1254,1354,0,1263,394,0,2206,0,1266,2876,0,3601,0,1290,312,0,2942,0,1321,1248,0,1329,473,0,808,0,1338,2850,0,1382,4258,0,1383,3328,0,1387,2003,0,4428,0,1400,332,0,359,0,4012,0,1426,2051,0,1454,1304,0,1458,0,2588,0,4236,0,1467,1287,0,1646,0,1522,2087,0,3425,0,1523,3784,0,1536,2241,0,2573,0,2719,0,3114,0,3984,0,4763,0,1549,660,0,2494,0,1555,1107,0,3606,0,1563,2661,0,4138,0,4610,0,1567,446,0,3048,0,3049,0,1576,716,0,3140,0,1577,2222,0,4684,0,1605,537,0,759,0,2112,0,1609,2151,0,1634,1790,0,1748,1639,0,4284,0,1771,120,0,2728,0,1791,157,0,1825,567,0,1838,339,0,1875,0,4923,0,1841,2773,0,1846,891,0,1881,2982,0,3947,0,1922,597,0,931,0,2378,0,4574,0,1934,711,0,4025,0,1960,1335,0,1521,0,2826,0,4354,0,1971,1799,0,1987,0,2807,0,4286,0,4472,0,1980,809,0,1983,2428,0,2600,0,4718,0,1988,2706,0,1990,1157,0,1293,0,1496,0,1999,1170,0,1545,0,2027,3274,0,2075,1130,0,2100,1419,0,2048,0,4033,0,2113,639,0,2120,1359,0,2121,1296,0,4377,0,2146,4031,0,2147,99,0,2163,811,0,1169,0,2205,2659,0,2466,3061,0,4196,0,2472,4127,0,2512,1593,0,2525,1489,0,1594,0,2540,1929,0,4249,0,2587,3276,0,2601,266,0,2603,0,2733,3459,0,2760,2518,0,4660,0,2799,3167,0,2913,3414,0,2914,1617,0,2979,850,0,3096,1675,0,1901,0,4924,0,3165,52,0,3228,1016,0,2418,0,3361,1253,0,1893,0,1954,0,3040,0,4856,0,3372,2023,0,2427,0,3379,1041,0,3381,180,0,1223,0,3429,3277,0,3435,1451,0,3449,3356,0,3458,4825,0,3460,559,0,2238,0,2266,0,3729,0,3753,0,3599,2667,0,2812,0,3621,1693,0,3716,641,0,3746,1288,0,3810,3024,0,3814,4028,0,3829,2145,0,3858,2093,0,3402,0,3977,0,3874,3350,0,3875,0,3941,993,0,4021,4309,0,4030,1736,0,4446,0,4090,793,0,4094,989,4818,4136,185,0,319,0,348,0,1455,0,1553,0,2575,0,3266,0,4550,0,4154,1568,0,4155,3080,0,4412,680,0,4520,3180,0,4605,1918,0,4624,4093,0,4626,4846,0,4670,190,0,4340,0,4703,2567,0,4789,1899,0,4858,2014,0,2703,0,4880,1202,0
17,1,2098,0,52,2006,0,120,337,0,3519,0,121,4211,0,150,3364,0,180,2243,0,185,1502,0,2099,0,2508,0,3014,0,4081,0,190,191,0,4032,0,192,3724,0,305,642,0,312,2470,0,319,1017,0,2727,0,326,4821,0,339,3291,0,3752,0,4720,0,345,3347,0,348,544,0,1554,0,368,1077,0,2352,0,446,102,0,559,2001,0,2652,0,2710,0,3143,0,4809,0,575,522,0,661,1435,0,680,3556,0,683,1024,0,727,2677,0,809,3409,0,861,82,0,864,835,0,1173,0,2115,0,3144,0,4186,0,865,4305,0,4371,0,4910,0,975,4857,0,989,1168,0,1129,3215,0,1163,1695,0,1170,1783,0,4509,0,4655,0,4743,0,1329,1330,0,1338,2813,0,1382,1424,0,3855,0,1426,1428,0,1455,4294,0,1553,4576,0,1563,1562,0,1577,789,0,1675,378,0,1736,587,0,1197,0,1748,4129,0,1767,733,0,1771,3730,0,1838,252,0,4104,0,1839,1984,0,1875,1689,0,1893,1038,0,1175,0,2559,0,3728,0,1954,491,0,3775,0,1971,610,0,2550,0,4452,0,1987,138,0,2324,0,2825,0,2002,2623,0,2051,3297,0,2093,1544,0,2145,977,0,2151,443,0,3742,0,2206,95,0,96,0,2238,1470,0,2240,2242,0,2241,1958,0,2049,0,2488,0,2266,1101,0,2346,295,0,2372,674,0,2416,546,0,4435,0,2478,3665,0,4656,0,2544,3227,0,3290,0,3806,0,2575,4301,0,2601,2754,0,2661,737,0,2703,4360,0,2728,3175,0,2807,3600,0,3803,0,2826,2123,0,2913,2912,0,2959,356,0,709,0,4737,0,2979,2622,0,2996,1747,0,3048,897,0,3114,4623,0,4909,0,3136,810,0,2213,0,2572,0,3239,2702,0,3266,110,0,869,0,1164,0,1535,0,3360,456,0,1847,0,2257,0,2294,0,3361,1543,0,3433,1996,0,3404,0,4646,0,3442,3439,0,3460,826,0,1972,0,3500,2820,0,3515,4775,0,3601,1743,0,2513,0,3777,1997,0,2295,0,3784,588,0,3810,4453,0,3984,438,0,3900,0,4030,513,0,4094,354,4192,4136,4137,0,4236,4237,0,4258,4816,0,4286,896,0,4354,213,0,712,0,4454,0,4426,1503,0,4446,63,0,4473,1686,0,3117,0,3410,0,4495,1367,0,4550,4387,0,4626,4625,0,4664,2514,0,4763,4374,0,4846,867,0,4856,440,0,1546,0,1840,0,4872,4873,0,4923,2258,0,4505,0,4829,0
18,63,512,0,120,2074,0,4190,0,134,135,0,138,189,0,1162,0,4686,0,185,3899,0,213,1797,0,3468,0,3952,0,252,109,0,3985,0,266,1540,0,305,383,0,319,340,0,4370,0,326,212,0,451,0,337,582,0,2351,0,354,3521,0,3953,0,356,357,0,3034,0,438,4863,0,440,3508,0,446,1517,0,456,3922,0,491,3507,0,518,519,0,522,3289,0,544,3857,0,559,4408,0,575,1898,0,610,2496,0,4554,0,630,631,0,642,2734,0,712,1690,0,810,84,0,850,68,0,869,3627,0,896,4669,0,989,3099,0,3145,0,1038,2653,0,1040,580,0,1042,0,1101,304,0,1130,116,0,1149,1150,0,1170,3867,0,1238,2044,0,1367,3200,0,1382,2474,0,3557,0,1424,1611,0,4316,0,1455,1429,0,1502,2772,0,4265,0,1535,1979,0,1546,1547,0,1639,3242,0,1656,220,0,1736,4889,0,1743,2353,0,1783,813,0,3604,0,2006,2775,0,2014,4364,0,2157,2159,0,2324,4580,0,2352,3226,0,2472,1345,0,2020,0,2478,1782,0,2623,2325,0,2719,3498,0,2959,2200,0,3114,25,0,3239,369,0,3254,3253,0,3312,1270,0,3433,3432,0,3519,3058,0,3665,2340,0,3753,1376,0,3803,1174,0,3954,3955,0,3957,772,0,4030,2139,0,4032,678,0,4284,4283,0,4286,1530,0,4446,2530,0,4454,1228,0,2220,0,4495,2412,0,4775,3494,0,4809,3236,0,4846,3832,0,4897,2725,0,4909,4558,0
19,52,51,0,63,1734,0,2774,0,82,81,0,138,4400,0,153,152,0,208,207,0,212,1726,0,213,4353,0,513,2947,0,4645,0,624,4310,0,674,3241,0,713,459,0,772,3956,0,819,1309,0,890,3258,0,897,817,0,929,2281,0,1178,4721,0,1197,3994,0,1266,1265,0,1382,1920,0,1424,3991,0,1459,3919,0,1748,1833,0,1898,1273,0,2002,730,0,2072,3578,0,2120,2751,0,2145,1671,0,2200,3031,0,2428,3503,0,2474,1222,0,2172,0,4506,0,2775,616,0,2979,2978,0,2996,932,0,3242,2554,0,3289,1645,0,3409,3678,0,3432,3527,0,3439,4528,0,3442,832,0,3498,2672,0,3521,3522,0,3557,1430,0,4030,1230,0,4063,458,0,4127,179,0,986,0,4258,4764,0,4316,1515,0,4446,983,0,4589,1848,0,4759,4758,0
20,51,49,0,63,20,0,825,0,160,159,0,179,3505,0,312,344,0,896,46,0,1150,982,0,1197,297,0,2041,0,1222,3631,0,1238,1738,0,2644,0,1345,3294,0,4195,0,1430,2965,0,3851,0,1459,3378,0,1467,1468,0,1503,2255,0,1695,1697,0,1734,1735,0,1771,1772,0,1898,1826,0,1920,2539,0,1954,1953,0,2120,706,0,1357,0,2240,1312,0,2372,521,0,2472,2160,0,2474,2739,0,2475,4466,0,2820,2815,0,2851,4786,0,2912,186,0,3085,2283,0,3200,893,0,3242,3595,0,3312,203,0,3361,4213,0,3376,3375,0,3377,0,3432,1624,0,3439,1866,0,3494,906,0,3522,3809,0,3827,4037,0,3919,4164,0,4030,1231,0,4063,3511,0,4286,296,0,4310,2059,0,4316,3066,0,4528,227,0,648,0,1867,0,2529,0,4589,3688,0,4669,1044,0,4729,4568,0,4897,2586,0,4900,0
21,20,4662,0,46,1045,0,3582,0,95,1147,0,227,3880,0,661,1033,0,674,1638,0,772,4367,0,825,1674,0,832,834,0,1157,1158,0,1174,598,0,1197,1394,0,1222,1221,0,1345,1315,0,1458,1457,0,1624,3964,0,1738,831,0,1744,1745,0,1747,562,0,1052,0,1748,3630,0,1826,1412,0,1898,1267,0,1934,1932,0,1997,3450,0,2020,3223,0,3302,0,2051,1111,0,2160,900,0,2281,2280,0,4268,0,2283,2282,0,2372,3555,0,2518,94,0,2603,617,0,2733,307,0,3242,3243,0,3253,4300,0,3439,1909,0,3460,1195,0,3503,4917,0,3730,3732,0,3851,3854,0,4303,4302,0,4446,517,0,687,0,4528,1483,0,4538,1348,0,4568,2528,0,4626,1710,0
22,20,2770,0,68,1307,0,81,47,0,252,253,0,265,267,0,438,439,0,687,2055,0,831,3039,0,834,4221,0,900,732,0,4545,0,932,3052,0,982,4471,0,1052,4289,0,1147,2533,0,1197,1868,0,1231,489,0,1312,1314,0,1345,952,0,1349,2593,0,1382,4469,0,1483,2272,0,3891,0,1562,1702,0,1638,3296,0,1734,694,0,1748,981,0,1918,4177,0,1932,1935,0,2020,4085,0,2160,91,0,2644,1969,0,4105,0,2677,2678,0,2733,4077,0,2942,2944,0,3024,3025,0,3048,2782,0,3236,163,0,3242,827,0,3243,245,0,3294,3996,0,3312,4156,0,3806,3804,0,3809,2664,0,3810,3918,0,3827,3768,0,3854,3320,0,4094,4091,0,4309,4307,0,4446,4016,0,4528,1780,0,4662,4076,0,4669,2505,0,4900,4898,0
23,227,2039,0,245,2037,0,3496,0,562,801,0,3103,0,648,3938,0,683,4171,0,798,215,0,906,2896,0,929,4735,0,982,2397,0,4465,0,1045,2756,0,1230,4524,0,1231,1371,0,2957,0,3909,0,1267,1516,0,1290,1289,0,1367,1528,0,1483,586,0,3204,0,1638,1640,0,4678,0,1782,1800,0,1848,3603,0,2044,2043,0,2242,1218,0,2340,2338,0,2622,2621,0,2770,2299,0,3294,4920,0,3312,1465,0,3511,2972,0,3527,4362,0,3549,3551,0,3832,765,0,990,0,3964,4594,0,4077,2735,0,4538,2501,0,4721,1225,0,3269,0
24,68,2443,0,91,2796,0,163,4629,0,220,2918,0,439,4790,0,732,3345,0,801,310,0,831,3992,0,929,1030,0,952,4238,0,1225,1770,0,1312,1313,0,1516,90,0,1735,1081,0,1772,1587,0,1598,0,1800,3976,0,1868,1082,0,2044,543,0,2059,3542,0,2338,2341,0,2739,2493,0,2740,0,2957,3847,0,3223,743,0,3358,3359,0,3378,853,0,3527,1151,0,3956,662,0,4094,3836,0,4138,4139,0,4221,833,0,4268,4269,0,4367,2981,0,4412,4411,0,4446,591,0,4465,1755,0,2596,0,4669,4046,0,4678,673,0,4737,4740,0,4764,2589,0,2793,0
25,253,2375,0,397,1356,0,694,693,0,827,2492,0,865,3238,0,952,953,0,1030,2958,0,1611,1610,0,1671,1669,0,2043,2730,0,2044,1628,0,2120,2628,0,2725,1302,0,2774,3342,0,2793,2598,0,2889,2888,0,2912,1578,0,2978,1119,0,3103,67,0,3227,3961,0,3242,3159,0,3889,0,3294,1830,0,3320,1413,0,3436,2161,0,3505,1208,0,3542,3119,0,3832,4217,0,4362,2047,0
26,458,913,0,521,239,0,662,2179,0,817,818,0,1033,2256,0,1045,3721,0,1151,4855,0,1348,585,0,1624,493,0,1848,1906,0,1868,32,0,2044,1809,0,2338,2342,0,2730,3093,0,2740,2737,0,2796,1378,0,3238,3237,0,3563,658,0,3746,3745,0,3875,3873,0,4030,330,0,4164,4163,0,4340,4341,0,4524,2275,0,4696,4697,0
27,439,565,0,512,16,0,1030,4183,0,1045,1043,0,1111,794,0,1230,3942,0,1378,1271,0,1468,4416,0,1671,2304,0,1909,1908,0,2043,2726,0,2299,2300,0,2372,249,0,2378,4208,0,2528,2527,0,2664,1586,0,2965,2964,0,3093,2390,0,3119,1835,0,3320,3133,0,3359,4885,0,3378,1950,0,3468,3469,0,3803,3478,0,4153,0,4221,3481,0,4367,2980,0,4855,3255,0
28,249,3705,0,330,1978,0,1271,1196,0,1455,1456,0,1573,3754,0,1578,3229,0,1772,1274,0,1809,4140,0,1833,1831,0,2043,1808,0,4834,0,2304,2305,0,2340,2339,0,2397,1237,0,2726,72,0,2740,2738,0,2964,4912,0,3085,4182,0,3103,79,0,3320,2574,0,3375,2777,0,3750,3751,0,4302,2788,0,4545,4890,0,4735,4532,0
29,72,1666,0,253,3252,0,330,3282,0,693,2687,0,953,1062,0,1164,4814,0,1174,773,0,1237,4612,0,1312,3683,0,1357,1360,0,1517,4379,0,1624,2197,0,1978,2091,0,2339,1723,0,2598,4226,0,3133,3134,0,3378,89,0,3705,1481,0,4302,4501,0,4821,4823,0
30,16,15,0,68,2629,0,378,154,0,658,4765,0,794,4785,0,1033,2665,0,1043,3692,0,1105,1108,0,1238,830,0,1523,4803,0,1723,3545,0,1740,3461,0,1747,1363,0,1770,1341,0,1868,4343,0,2390,2862,0,2475,3667,0,2726,2637,0,3085,3084,0,3255,4779,0,3777,3776,0,3827,4005,0,3918,4748,0,3944,3504,0,3946,0,4163,1709,0,4268,3317,0,4885,2877,0,4912,4334,0,4920,268,0
