1,648,227,0,1483,0
2,227,694,0
3,227,1197,0,648,586,0
4,586,2528,0,648,512,0,3909,0,694,825,0
5,227,3938,0,512,3880,0,694,1674,0,825,4446,0,1197,517,0,2530,0,2528,20,0,2041,0,3909,1231,0
6,227,16,0,226,0,1231,4568,0,2041,1082,0,3909,3911,0,4446,1780,0,2529,0,2774,0
7,20,32,0,2770,0,226,211,0,1981,0,2073,0,2602,0,2925,0,3533,0,3986,0,586,4906,0,648,1230,0,1780,489,0,3204,0,2530,3891,0,2774,792,0,4876,0,4568,1356,0
8,32,31,0,211,1179,0,3395,0,4252,0,226,1340,0,2083,0,2711,0,4262,0,4519,0,227,4030,0,4528,0,648,687,0,2039,0,1981,1198,0,1588,0,1985,0,2624,0,3189,0,3699,0,4250,0,4261,0,2073,592,0,2969,0,3652,0,2602,751,0,2802,0,2770,297,0,2925,1914,0,2423,0,4461,0,3533,122,0,480,0,2787,0,3062,0,3981,0,3880,1868,0,3986,569,0,1548,0,2016,0,2116,0,2199,0,3380,0,3669,0,4433,0,4446,513,0,2299,0,4568,983,0,4662,0
9,32,3439,0,122,1769,0,2709,0,211,470,0,3430,0,3848,0,3954,0,4736,0,226,3920,0,4260,0,480,570,0,2095,0,2809,0,4102,0,569,811,0,1200,0,1354,0,2466,0,2608,0,2769,0,3137,0,3756,0,3977,0,4520,0,586,589,0,592,196,0,1180,0,751,2089,0,4675,0,825,2957,0,983,3342,0,1179,1386,0,3488,0,3859,0,4730,0,1197,587,0,1198,492,0,1971,0,1340,346,0,1276,0,1595,0,3312,0,4329,0,4674,0,1548,36,0,1588,225,0,731,0,1981,1916,0,2094,0,2148,0,3663,0,1985,193,0,3898,0,4773,0,2016,3311,0,3616,0,4488,0,2073,928,0,2083,590,0,1885,0,3406,0,2116,2472,0,3142,0,3563,0,2199,798,0,3135,0,3670,0,2299,1371,0,2423,2473,0,2602,623,0,812,0,1596,0,2600,0,3281,0,4321,0,4402,0,4672,0,2624,124,0,2021,0,2711,147,0,2784,0,3101,0,2787,44,0,2802,1698,0,2461,0,2925,1620,0,2469,0,2969,384,0,1074,0,1375,0,3396,0,3062,499,0,3824,0,3189,469,0,3070,0,3830,0,3831,0,3380,134,0,2426,0,4566,0,3395,1153,0,3533,368,0,2810,0,3652,3263,0,3669,1992,0,4101,0,3699,553,0,3860,0,4223,0,3981,3183,0,3823,0,4133,0,3986,677,0,2141,0,2849,0,4252,929,0,3313,0,3629,0,4261,736,0,3327,0,4262,2708,0,3708,0,4461,2122,0,2491,0,3427,0,3801,0,3967,0,4528,1734,0
10,36,1575,0,2542,0,122,2753,0,124,4080,0,4658,0,134,3617,0,147,1079,0,1353,0,1717,0,2946,0,3026,0,4753,0,193,4729,0,196,3713,0,211,847,0,2114,0,346,2455,0,3205,0,368,25,0,2887,0,4454,0,4623,0,4763,0,4910,0,384,367,0,3672,0,469,2330,0,470,2606,0,3426,0,3676,0,4132,0,480,2654,0,3181,0,492,4188,0,4824,0,513,3052,0,569,498,0,1086,0,1767,0,2525,0,3746,0,570,3265,0,623,3537,0,677,1536,0,1911,0,687,2055,0,751,3108,0,4922,0,811,187,0,311,0,609,0,660,0,726,0,1846,0,1934,0,3061,0,825,63,0,928,930,0,929,994,0,1577,0,2477,0,3167,0,983,2272,0,1082,1866,0,1180,2120,0,1198,4636,0,1200,355,0,359,0,2599,0,4031,0,1231,591,0,1276,349,0,2157,0,1354,82,0,1555,0,2585,0,2622,0,1375,2786,0,1386,1696,0,1548,2524,0,1595,3,0,1278,0,1596,4879,0,1620,3760,0,1698,845,0,2306,0,4278,0,1769,184,0,1207,0,1914,4277,0,1971,732,0,800,0,1298,0,3294,0,3521,0,4472,0,1981,2929,0,1985,645,0,1992,750,0,2016,560,0,2021,145,0,1619,0,2764,0,2073,479,0,3757,0,2089,2088,0,2094,2977,0,2095,2212,0,3113,0,3391,0,2116,3245,0,2148,1088,0,2199,3564,0,2426,1300,0,2461,2930,0,2466,1106,0,1825,0,2473,4328,0,2491,3782,0,4327,0,2600,52,0,558,0,2913,0,3500,0,3554,0,4707,0,2608,1133,0,3131,0,2769,3625,0,2802,3671,0,2809,1968,0,1980,0,2969,1387,0,3137,639,0,2343,0,4090,0,4526,0,3327,1049,0,3380,4050,0,3396,951,0,3427,92,0,4087,0,4739,0,3533,4591,0,3563,412,0,3616,4702,0,3663,1970,0,3664,0,3669,2072,0,3708,1983,0,3756,3752,0,3801,1910,0,3830,376,0,3831,2140,0,3938,2139,0,3977,208,0,1201,0,4196,0,4822,0,3981,4731,0,4030,3228,0,4250,1178,0,4519,4522,0,4520,1132,0,2080,0,2540,0,3707,0,3791,0,3829,0,4566,1534,0,4675,545,0,2541,0,4773,4752,0
11,3,4857,0,25,109,0,810,0,865,0,2514,0,3031,0,3775,0,3806,0,4580,0,52,1266,0,2398,0,3215,0,82,3436,0,3619,0,3698,0,4733,0,92,679,0,973,0,2023,0,2378,0,2704,0,2773,0,2821,0,3048,0,3501,0,4719,0,147,1839,0,2401,0,3116,0,187,4588,0,208,942,0,2682,0,3402,0,3750,0,4021,0,311,551,0,3724,0,3858,0,355,537,0,2518,0,359,318,0,1202,0,1342,0,3160,0,3716,0,4094,0,368,348,0,1771,0,3136,0,3404,0,498,1675,0,3814,0,4732,0,558,1567,0,2428,0,2512,0,2856,0,4828,0,569,2765,0,2889,0,3586,0,639,1107,0,1427,0,3376,0,3520,0,4155,0,4339,0,660,1,0,2372,0,3357,0,4820,0,687,4343,0,726,1489,0,2145,0,2532,0,4108,0,732,896,0,811,1287,0,1329,0,1900,0,2399,0,825,823,0,929,1030,0,1314,0,3778,0,994,2075,0,2519,0,1079,395,0,445,0,640,0,2427,0,2567,0,2850,0,4718,0,4861,0,1086,1594,0,2960,0,3347,0,1106,1646,0,1132,65,0,1133,303,0,1491,0,2051,0,2464,0,4032,0,1200,190,0,2373,0,1201,567,0,1354,625,0,1356,397,0,1387,1982,0,2150,0,2754,0,4377,0,4704,0,1536,544,4842,1162,0,1783,0,1996,0,2049,0,2494,0,3144,0,1577,180,0,1984,0,1595,126,0,1734,718,0,1737,0,1767,1545,0,3701,0,4842,0,1780,1736,0,1825,2523,0,1846,1016,0,2048,0,3947,0,1934,160,0,988,0,1366,0,1467,0,1971,383,0,831,0,3226,0,1980,3459,0,1983,150,0,1338,0,3480,0,4193,0,2080,1105,0,4832,0,2120,789,0,1626,0,2157,2,0,2343,305,0,742,0,3341,0,4660,0,2466,1100,0,2084,0,3096,0,4827,0,2525,793,0,2112,0,2914,0,3945,0,2540,902,0,2979,0,4634,0,2585,455,0,473,0,1290,0,1538,0,1549,0,1617,0,1682,0,4670,0,2599,538,0,641,0,1544,0,2982,0,3817,0,2608,737,0,4529,0,2622,681,0,1026,0,2418,0,3274,0,2849,2848,0,2913,50,0,399,0,2931,0,4818,0,2946,495,0,597,0,1335,0,1496,0,1593,0,2243,0,3372,0,3026,1011,0,1012,0,1293,0,2813,0,4626,0,3052,4316,0,3061,861,0,4028,0,3131,1605,0,3643,0,3864,0,3135,846,0,2465,0,3167,1609,0,2601,0,4375,0,3294,3302,0,4127,0,3427,1921,0,3500,266,0,2736,0,4096,0,3521,339,0,2826,0,4743,0,3554,820,0,1134,0,1705,0,2659,0,3676,3675,0,3707,192,0,759,0,1131,0,3746,2414,0,2661,0,3752,84,0,138,0,451,0,1173,0,3361,0,3953,0,3791,1055,0,3829,433,0,1297,0,3977,1169,0,4031,4437,0,4087,1129,0,1253,0,1262,0,1385,0,2677,0,3069,0,3379,0,4090,2462,0,4196,2163,0,4012,0,4454,713,0,1958,0,1960,0,3114,0,3175,0,3729,0,3753,0,4472,369,0,2074,0,2340,0,2703,0,2727,0,3145,0,4520,891,0,975,0,3941,0,4586,0,4623,809,0,1743,0,2351,0,4707,2290,0,4661,0,4739,842,0,2162,0,3157,0,3550,0,4763,559,0,826,0,1429,0,1686,0,4081,0,4370,0,4822,1693,0,2683,0,4910,3266,0,3468,0,4104,0,4305,0
12,1,312,0,3435,0,50,195,0,52,3141,0,4562,0,63,2420,0,84,252,0,3601,0,4452,0,92,224,0,557,0,109,835,0,3665,0,138,1847,0,2416,0,3117,0,4136,0,147,102,0,3774,0,150,2151,0,4577,0,160,518,0,3901,0,180,430,0,187,851,0,190,3534,0,4696,0,192,3737,0,208,3606,0,225,844,0,297,4076,0,305,993,0,3604,0,4821,0,318,1695,0,1901,0,339,610,0,712,0,2213,0,2653,0,4856,0,348,1017,0,1077,0,1535,0,3922,0,4656,0,359,28,0,1234,0,2100,0,368,869,0,369,1038,0,1376,0,1553,0,4374,0,383,3857,0,395,3156,0,397,1708,0,4872,0,399,2209,0,2577,0,3344,0,433,733,0,445,188,0,1384,0,1858,0,4727,0,451,3519,0,4426,0,4473,0,495,2003,0,3332,0,3549,0,513,388,0,537,1676,0,4525,0,538,2104,0,3270,0,544,2001,0,551,912,0,2102,0,569,1163,0,3272,0,597,2379,0,625,3180,0,4235,0,640,1251,0,641,332,0,660,2942,0,679,4014,0,681,4811,0,713,1419,0,2733,0,4360,0,718,1394,0,726,1490,0,732,853,0,1044,0,2197,0,4890,0,737,890,0,759,1254,0,1881,0,789,306,0,1157,0,1292,0,1569,0,793,2113,0,3374,0,4599,0,810,813,0,989,0,2115,0,820,146,0,1130,0,3413,0,4574,0,4684,0,4826,0,823,824,0,842,3815,0,865,2513,0,3060,0,3446,0,4340,0,902,4025,0,929,883,0,1154,0,3871,0,942,1400,0,973,972,0,1918,0,3348,0,3358,0,3877,0,975,4924,0,1011,1635,0,2876,0,1016,2327,0,2517,0,1079,862,0,2963,0,3140,0,3458,0,1086,711,0,4663,0,1129,2588,0,3049,0,1132,2760,0,1134,1959,0,1162,189,0,2238,0,3730,0,3900,0,4809,0,4863,0,1173,4301,0,1202,4309,0,1262,229,0,2164,0,3442,0,1266,2377,0,3414,0,1287,850,0,1290,2093,0,1293,536,0,1297,1929,0,1329,345,0,3870,0,1338,4622,0,1366,3227,0,1385,3165,0,4412,0,1427,1425,0,1963,0,1429,4190,0,4576,0,4624,0,1496,1680,0,1536,340,4627,1544,3621,0,1548,1550,0,1549,4342,0,1555,1821,0,3382,0,4154,0,1567,4192,0,1577,2221,0,3449,0,1593,1990,0,1594,788,0,1609,1522,0,3425,0,1617,1563,0,4249,0,4880,0,1626,1576,0,4825,0,1686,2002,0,2772,0,3236,0,4093,0,4400,0,1693,1694,0,1705,2147,0,3000,0,1736,330,0,1743,2959,0,4550,0,1771,1987,0,3508,0,1783,4364,0,1839,103,0,265,0,1655,0,1900,1679,0,1914,1917,0,1921,99,0,347,0,948,0,1920,0,3381,0,1934,4610,0,1958,3034,0,3297,0,1960,2559,0,3276,0,1971,1628,0,3433,0,1982,1454,0,3441,0,4605,0,1984,931,0,2812,0,2049,1893,0,4387,0,2084,3624,0,2120,2999,0,4679,0,2150,401,0,3187,0,2162,1988,0,2243,1248,0,2206,0,2328,0,2290,1383,0,4092,0,4280,0,2299,2300,0,2340,709,0,2734,0,2351,3058,0,2373,1568,0,2401,2046,0,2418,3254,0,2423,1192,0,2434,0,4897,0,2428,2121,0,4245,0,2512,2706,0,2519,1922,0,2532,1634,0,3944,0,2599,3350,0,2601,4703,0,2622,3277,0,2659,2799,0,3615,0,2661,556,0,2677,2087,0,2703,337,0,2727,440,0,1991,0,3290,0,3291,0,4509,0,2754,1263,0,2773,4810,0,2813,727,0,1040,0,2821,1296,0,4232,0,2826,185,0,3728,0,2850,1249,0,2762,0,2856,3356,0,2946,945,0,1321,0,1919,0,2960,4033,0,2982,808,0,3026,728,0,1841,0,3031,2710,0,3069,2667,0,3096,1426,0,3114,354,0,1174,0,3136,120,0,2325,0,3144,1455,0,2575,0,3145,1554,0,2702,0,3157,158,0,1041,0,1223,0,1495,0,3160,2105,0,3175,2220,0,4720,0,3226,319,0,356,0,3984,0,3266,2572,0,2807,0,3294,2756,0,3255,0,4238,0,3341,1790,0,3402,3403,0,3404,1875,0,3427,1899,0,3459,642,0,1087,0,2294,0,3099,0,3480,4428,0,3500,153,0,3501,2045,0,3521,1164,0,2266,0,4858,0,3643,4138,0,3672,54,0,2878,0,3675,152,0,3729,1997,0,4737,0,3753,1252,0,3775,864,0,2123,0,3806,2550,0,4664,0,3823,4769,0,3829,4627,0,3858,3429,0,3909,1867,0,3945,3874,0,3947,1288,0,3953,3014,0,4028,1097,0,3827,0,4032,3080,0,4087,1892,0,4104,2324,0,3803,0,4127,1530,0,1624,0,4128,0,4305,1979,0,2728,0,4316,4506,0,4377,1523,0,1724,0,4437,1451,0,4454,2295,0,4829,0,4529,3700,0,4580,2257,0,4588,2098,0,4626,4024,0,4163,0,4704,3599,0,4707,4013,0,4719,4455,0,4739,2222,0,3040,0,3328,0,4303,0,4763,213,0,357,0,4237,0,4828,4434,0,4910,304,0,4408,0
13,84,3899,0,103,1388,0,109,2200,0,4371,0,120,121,0,146,2587,0,185,1690,0,1797,0,224,1194,0,265,267,0,3709,0,266,4211,0,304,491,0,2544,0,305,546,0,3867,0,332,2146,0,337,4186,0,339,2241,0,340,4354,0,347,4789,0,356,110,0,1972,0,369,2652,0,4505,0,383,1175,0,388,389,0,395,3346,0,397,1304,0,399,1744,0,2205,0,445,716,0,451,456,0,495,431,0,513,3557,0,544,582,0,1726,0,3143,0,556,1170,0,559,1228,0,1543,0,1782,0,3239,0,3360,0,597,738,0,610,1470,0,4646,0,712,4353,0,726,1999,0,732,91,0,3582,0,742,3927,0,809,438,0,1502,0,810,3409,0,4625,0,853,1345,0,862,2022,0,948,394,0,1056,0,972,4236,0,973,1656,0,989,326,0,2496,0,3985,0,1017,2488,0,1038,2099,0,4294,0,1087,4686,0,1105,1108,0,1130,2684,0,1157,1158,0,1162,1101,0,1168,0,1207,1209,0,1223,3987,0,1290,4587,0,1419,882,0,1522,228,0,1536,2352,0,1554,2258,0,1635,4573,0,1675,532,0,1783,3410,0,1839,3364,0,1847,2508,0,3777,0,1858,4304,0,1875,4554,0,1893,3600,0,1920,1430,0,1922,2763,0,1979,212,0,1840,0,1987,4909,0,2049,1954,0,2014,0,2072,3581,0,2238,4435,0,2266,3460,0,2294,4655,0,2300,2170,0,2325,2623,0,2340,2338,0,2423,1193,0,2550,2353,0,2575,4265,0,2601,4462,0,2756,2755,0,4286,0,2765,2027,0,2826,1503,0,2957,4016,0,2963,2962,0,3026,2820,0,3049,3046,0,3052,2965,0,3180,680,0,3255,2020,0,3332,3331,0,3458,3457,0,3468,4923,0,3701,3523,0,3730,2478,0,3900,1546,0,3944,3225,0,4093,3507,0,3627,0,4104,1838,0,4128,2917,0,4301,3952,0,4818,4819,0,4829,1689,0
14,91,1218,0,305,4747,0,312,344,0,532,531,0,556,555,0,713,2825,0,750,752,0,831,830,0,853,3505,0,896,1378,0,929,1084,0,1164,1166,0,1292,2144,0,1530,4287,0,1628,543,0,1634,1636,0,1656,280,0,1771,1773,0,1920,932,0,4816,0,2001,2000,0,2398,2400,0,2414,2415,0,2652,328,0,2684,116,0,2710,2712,0,2734,2735,0,2965,1898,0,3052,1645,0,4466,0,3156,3155,0,3236,3238,0,3581,2457,0,3384,0,3582,1151,0,4343,4582,0,4861,4862,0
15,54,1837,0,91,4195,0,312,4116,0,339,338,0,513,1222,0,1516,0,555,924,0,853,3964,0,896,2505,0,1011,3651,0,1207,1208,0,1314,1313,0,1394,1396,0,1430,1611,0,1826,0,1454,446,0,1530,900,0,1624,1315,0,1656,1413,0,1898,4469,0,1971,2160,0,2796,0,2020,3308,0,2045,3355,0,2144,86,0,2151,3741,0,3742,0,2457,3094,0,2684,574,0,2917,2741,0,3331,2279,0,3361,4213,0,3433,3432,0,3436,15,0,3505,4779,0,3581,612,0,3582,3527,0,3750,3751,0,4030,4889,0,4262,4264,0,4455,4456,0,4466,2474,0,4506,4645,0,4816,4815,0
16,63,64,0,896,296,0,1151,3721,0,1174,2745,0,1222,4764,0,1342,1343,0,1378,1380,0,1516,1639,0,1536,240,4572,1553,3473,0,1656,1657,0,1717,1718,0,1898,4457,0,1971,3378,0,1997,1526,0,2144,1742,0,2353,790,0,2505,1830,0,2735,4616,0,2760,2759,0,2796,4594,0,2820,4272,0,2917,1627,0,2965,1267,0,4284,0,3048,2782,0,3052,827,0,3855,0,3302,4920,0,3581,3015,0,3582,2047,0,3624,3623,0,3651,128,0,3741,444,0,4092,4091,0,4186,4187,0,4195,743,0,4238,46,0,4301,4300,0,4506,575,0
17,328,329,0,357,2836,0,446,1517,0,532,4543,0,543,2644,0,823,2694,0,827,4258,0,850,3710,0,929,3085,0,972,3368,0,1088,1090,0,1097,1096,0,1105,3104,0,1174,3745,0,1218,2242,0,1222,2396,0,1315,179,0,1378,1381,0,1536,2558,0,1645,3667,0,1693,1697,0,1736,3544,0,1826,1150,0,3066,0,1898,1897,0,1917,1915,0,1971,1238,0,1990,1989,0,2222,3678,0,4450,0,2266,2265,0,2290,2289,0,2667,2666,0,2820,2035,0,2914,2912,0,2917,986,0,2957,2958,0,3236,3237,0,3245,3246,0,3378,493,0,3581,3578,0,3579,0,4648,0,3752,3755,0,3803,1640,0,3855,3852,0,3891,3889,0,3944,320,0,4195,1043,0,4284,4129,0,4456,379,0,4466,2493,0,4645,1424,0,3631,0,4764,1515,0,4816,1747,0,4817,0,4897,4900,0
18,116,115,0,574,572,0,820,821,0,827,3242,0,900,899,0,1218,2337,0,1553,2135,0,1718,1716,0,1719,0,1747,1748,0,1917,1599,0,2002,3324,0,2144,278,0,2197,4362,0,2242,2240,0,2396,2539,0,2464,2463,0,2505,3994,0,2558,2790,0,2644,2044,0,2661,2660,0,3031,3033,0,3225,4870,0,3297,3295,0,3368,2805,0,3378,913,0,3557,982,0,3623,4369,0,3985,3079,0,4076,1909,0,4238,3345,0,4272,535,0,4594,952,0,4648,4649,0,4889,3282,0,4897,66,0
19,52,58,0,585,0,115,1493,0,431,432,0,575,3851,0,1017,1015,0,1267,1833,0,1356,4569,0,1627,767,0,1657,149,0,1917,2260,0,1960,1521,0,2396,1382,0,2493,2475,0,2836,3310,0,3033,2791,0,3052,2739,0,3345,3223,0,3368,3934,0,3527,3526,0,3582,4669,0,3631,1273,0,2492,0,3289,0,3678,3679,0,3728,3946,0,3855,2947,0,3889,3991,0,3985,4768,0,3994,3995,0,4128,3209,0,4213,428,0,4212,0,4304,4302,0,4819,1765,0,4889,2091,0,4890,1045,0,4897,1302,0,4909,4653,0
20,52,947,0,267,264,0,344,3103,0,612,4893,0,830,68,0,1043,3494,0,1150,522,0,1174,76,0,1378,2896,0,1424,90,0,1515,1514,0,1771,1770,0,1934,1932,0,2044,3084,0,2120,1359,0,2242,4775,0,2475,684,0,2958,2956,0,3031,2210,0,3052,2172,0,3209,3208,0,3225,3340,0,3460,957,0,3544,4869,0,3667,3668,0,3678,4728,0,3751,2972,0,4076,178,0,4669,4545,0,4686,4685,0,4811,4812,0,4889,666,0
21,68,1054,0,575,2996,0,666,3163,0,850,2443,0,1267,3244,0,1313,1311,0,1382,3630,0,1627,3992,0,2035,4268,0,2120,130,0,2475,3666,0,2912,4823,0,3033,1879,0,3104,3102,0,3242,3243,0,3310,1357,0,3309,0,3378,3511,0,3582,4855,0,3667,2397,0,3742,1808,0,3755,4502,0,4213,1592,0,4314,0,4272,4269,0,4648,2880,0,4728,636,0,4869,4389,0,4920,4530,0
22,149,3653,0,428,3359,0,574,2453,0,575,1412,0,684,1073,0,713,1091,0,947,1348,0,1302,2010,0,1359,216,0,1378,4784,0,1536,2992,0,1543,1542,0,1599,362,0,1747,79,0,1932,1933,0,2044,1738,0,2258,2192,0,2265,4074,0,2475,1182,0,2508,2511,0,2529,1587,0,2957,3847,0,3031,373,0,3046,1167,0,3163,3059,0,3208,3496,0,3378,4233,0,3666,3895,0,3678,283,0,3851,3502,0,4269,2355,0,4117,0,4530,3229,0,4889,4351,0,4909,1805,0
23,15,1000,0,1195,0,266,580,0,473,474,0,585,946,0,982,3595,0,1073,969,0,1761,0,3894,0,1182,481,0,1252,1255,0,1311,1144,0,1348,1810,0,1378,1520,0,1640,1638,0,2258,3301,0,2337,906,0,2443,4179,0,2739,2740,0,3242,3658,0,3496,245,0,4701,0,3511,2657,0,3851,3853,0,3895,1795,0,4698,0,3994,4423,0,4302,4501,0,4351,3250,0,4545,4547,0,4775,3919,0,4812,2806,0
24,76,598,0,245,4860,0,264,2533,0,532,378,0,684,1034,0,1091,4206,0,1144,3233,0,1182,436,0,2614,0,1587,1598,0,1599,3868,0,1879,372,0,2265,2268,0,2355,2840,0,2397,3988,0,4060,0,2428,3503,0,2740,4602,0,3301,3437,0,3324,2288,0,3473,2941,0,3496,2178,0,3511,1459,0,1950,0,3581,1408,0,3599,3602,0,3606,3607,0,3666,1149,0,1473,0,4001,0,4269,2920,0,4543,154,0,4698,4495,0,4819,1118,0,4869,3518,0
25,76,2676,0,216,4075,0,283,740,0,394,396,0,474,4089,0,636,1291,0,1034,630,0,1060,0,1181,0,2543,0,1357,706,0,1638,3555,0,1833,1832,0,1875,1876,0,1950,3515,0,2415,2417,0,2443,1071,0,2475,1874,0,2614,1561,0,4757,0,2920,2921,0,3242,4139,0,3581,3580,0,3607,3605,0,3895,1573,0,3835,0,4001,162,0,4262,4263,0,4269,4677,0,4287,1531,0,4920,4921,0
26,90,4471,0,162,4931,0,580,1540,0,952,2185,0,1000,4600,0,1118,4555,0,1181,2987,0,1291,1289,0,1573,1474,0,2035,2281,0,2242,458,0,2397,4451,0,2415,1930,0,2543,1434,0,3309,3147,0,3402,3400,0,3460,1003,0,3666,133,0,4001,775,0,4075,4073,0,4139,4135,0,4195,3996,0,4456,1978,0,4757,3758,0,4812,1965,0,4815,234,0
27,76,1735,0,162,549,0,550,0,2076,0,2291,0,684,4293,0,1054,69,0,1060,721,0,1091,926,0,1149,4894,0,1289,3576,0,1459,1667,0,1474,3512,0,1540,4181,0,1553,4171,0,1795,3843,0,1810,2117,0,2178,872,0,2324,2326,0,2355,1171,0,2475,753,0,2806,2803,0,2987,4867,0,3102,1610,0,3400,3401,0,3581,4853,0,3758,3810,0,4135,3788,0,4860,2037,0,4920,1579,0
28,15,746,0,585,2006,0,721,533,0,1434,405,0,1610,3217,0,1832,1831,0,2076,692,0,2258,2691,0,2511,657,0,3102,310,0,3163,3199,0,3295,1643,0,3512,2436,0,3607,3454,0,3755,4114,0,3894,1349,0,3895,552,0,3922,3921,0,4757,4633,0,4927,0,4815,276,0
29,133,1792,0,310,3715,0,362,363,0,550,4365,0,721,3203,0,746,4548,0,926,4043,0,969,168,0,1060,1788,0,1359,2628,0,1573,705,0,1599,1274,0,1950,1949,0,1965,856,0,2000,41,0,2657,4749,0,2880,672,0,3147,1050,0,3229,3231,0,3355,3353,0,4585,0,3473,3472,0,3581,1067,0,4001,1807,0,4927,720,0
30,15,3841,0,41,3248,0,178,4077,0,4612,0,216,217,0,276,1905,0,550,2783,0,721,819,0,3686,0,753,235,0,1195,747,0,1357,290,0,770,0,1536,1721,0,1610,2778,0,1795,406,0,1807,4311,0,2240,1312,0,2941,2077,0,3231,2031,0,3242,4000,0,3295,4039,0,3353,2630,0,3352,0,3473,3471,0,3515,4786,0,3595,3596,0,3894,1165,0,4089,3235,0,4555,3866,0,4633,754,0,4653,4652,0
