1,33525,25340,1
2
3
4
5,25340,22819,0
6
7
8,22819,33470,1,33525,977,1
9,977,26190,1,33525,21725,1
10
11,26190,15917,1
12,33525,42683,1
13,33525,33858,1,42683,27483,1
14
15,977,47211,1
16,33525,31046,1
17,31046,374,1
18
19
20,374,36187,2,31046,30521,2
21,30521,42102,1
22,30521,1246,1,31046,11630,1,42102,10125,1
23,36187,47519,2
24,31046,8684,1
25,10125,35693,1
26,8684,29467,1,35693,9804,2
27,8684,14538,0
28,9804,8775,1,27077,1,14538,47940,1
29,9804,23540,1,14538,9994,1,35693,36209,0,42102,21659,0
30,14538,43386,1,18588,1,31046,22032,1,47940,25452,1
