1,547,4904,0
2
3
4
5
6
7,4904,2128,0
8
9
10
11
12,4904,586,0
13,586,1736,0
14,1736,3204,0
15,4904,3924,0
16,1736,587,0,3204,297,0
17,3204,687,0,4904,621,0
18,297,4343,0,4582,0,587,32,0,3880,0,687,718,0,4528,0,3204,4662,0
19,297,1483,0,3880,1674,0,4662,513,0
20,513,1868,0,1920,0,3667,0,687,3938,0,718,1371,0,1483,591,0,1231,0,2299,0,3880,1780,0,4904,4366,0
21,513,1197,0,4816,0,1231,4568,0,1371,1372,0,1780,2957,0,1920,3851,0,4582,2774,0,4662,983,0
22,297,517,0,513,2041,0,3342,0,4284,0,587,1867,0,1231,1866,0,1920,4316,0,2128,3030,0,2299,2055,0,2774,63,0,227,0,4076,0,3667,1382,0,3938,648,0,2528,0,4528,512,0,4662,4446,0,4816,4129,0
23,32,31,0,63,2420,0,513,3289,0,587,694,0,1231,3891,0,1382,982,0,1430,0,4258,0,1920,388,0,2474,0,2957,4016,0,3851,2965,0,4076,178,0,4616,0,4568,16,0
24,63,1975,0,297,825,0,388,2396,0,694,693,0,982,827,0,1231,2139,0,1382,2492,0,1780,2039,0,2041,2530,0,2965,2739,0,3851,1103,0,4129,3855,0,4258,575,0,1748,0,4316,1424,0,1515,0,4446,2272,0
25,16,1082,0,575,4645,0,825,489,0,1382,1898,0,1424,4506,0,1430,3242,0,3557,0,1920,90,0,2128,2127,0,2129,0,2530,1734,0,2529,0,3289,1222,0,3851,1645,0,2172,0
26,16,3439,0,90,3630,0,694,692,0,827,2539,0,1082,20,0,1231,1394,0,1382,4469,0,1424,1267,0,3991,0,2396,2397,0,2474,1639,0,2965,3631,0,3855,2947,0,4316,2493,0,4506,3052,0,4645,1150,0
27,575,1747,0,692,1060,0,1394,1396,0,1734,1735,0,1748,981,0,2272,4030,0,2493,1611,0,3439,3994,0,3667,3066,0,4258,4764,0,4316,1516,0
28,827,3595,0,981,4231,0,982,1412,0,1060,1874,0,1639,1638,0,2397,4466,0,2539,2475,0,3631,4457,0,4016,4015,0,4582,3544,0,4764,4765,0
29,692,1073,0,1222,522,0,1735,76,0,1874,3686,0,2397,3926,0,2475,1792,0,4015,4228,0,4076,3847,0,4869,0,4129,1826,0,4446,4889,0,4765,4814,0
30,694,691,0,1792,133,0,162,0,436,0,1434,0,1867,3909,0,2039,1011,0,2272,2273,0,2299,2300,0,2475,4293,0,3242,2554,0,4076,307,0,4869,3744,0
