1
2,1068,1071,0
3
4,1071,2443,0
5
6
7
8
9
10,1071,368,0
11,2443,850,0
12,368,1049,0,2089,0,2929,0,3782,0,4636,0,4730,0,850,2146,0,2462,0,3941,0,4154,0
13,368,367,0,1914,0,3831,0,4104,0,4433,0,4519,0,4576,0,4763,0,850,993,0,1695,0,3698,0,1049,226,0,1619,0,1696,0,2073,0,3671,0,2089,211,0,2887,0,3672,0,4277,0,4702,0,2146,433,0,498,0,1426,0,1594,0,2373,0,3977,0,4880,0,2443,3710,0,2462,3791,0,4586,0,2929,2472,0,3669,0,4731,0,3782,545,0,1596,0,3327,0,3396,0,3488,0,4327,0,3941,639,0,1490,0,1634,0,3272,0,4154,82,0,733,0,742,0,1900,0,2051,0,3160,0,3624,0,4636,2122,0,2524,0,3265,0,3898,0,4730,800,0,2977,0,3860,0,4188,0
14,82,1538,0,1545,0,1825,0,2163,0,2682,0,2979,0,211,384,0,1595,0,3380,0,3859,0,4102,0,226,469,0,1575,0,2455,0,367,2083,0,2426,0,368,3135,0,3142,0,4262,0,4370,0,4923,0,433,1617,0,2104,0,2399,0,4842,0,498,332,0,551,0,1451,0,3586,0,545,145,0,349,0,376,0,3108,0,639,192,0,1568,0,2098,0,3061,0,3341,0,733,455,0,473,0,788,0,1170,0,1999,0,2048,0,2585,0,4090,0,742,1427,0,1767,0,2414,0,3724,0,4526,0,800,1375,0,3391,0,3676,0,4261,0,850,1200,0,1297,0,1679,0,993,538,0,737,0,1549,0,3376,0,4012,0,4437,0,1049,122,0,846,0,2786,0,2809,0,3181,0,3183,0,1426,1086,0,4339,0,1490,1342,0,3700,0,3746,0,1594,1676,0,1790,0,2608,0,4249,0,4857,0,1596,2477,0,3311,0,3756,0,1619,480,0,750,0,2708,0,1634,726,0,4663,0,1695,1,0,556,0,1202,0,2683,0,4832,0,1696,2473,0,3533,0,4672,0,4675,0,1900,902,0,988,0,2525,0,4138,0,1914,3281,0,2051,1087,0,2464,0,2488,0,4237,0,2073,479,0,2925,0,2089,645,0,928,0,1179,0,2199,0,2969,0,2122,3,0,126,0,1276,0,3070,0,3427,0,3430,0,4321,0,2146,1605,0,3382,0,3621,0,4025,0,2373,1646,0,2112,0,3347,0,2462,1544,0,1682,0,2343,0,2518,0,2472,3494,0,4566,0,2524,2930,0,3062,0,3616,0,2929,4260,0,2977,2,0,3160,1254,0,1354,0,1366,0,1934,0,3265,1074,0,2802,0,3272,890,0,1675,0,3827,0,4820,0,3327,929,0,1178,0,2784,0,3396,2141,0,2602,0,3824,0,3488,2021,0,3624,882,0,2372,0,2494,0,2599,0,3927,0,3669,798,0,1278,0,1992,0,3671,3406,0,3670,0,3672,592,0,2116,0,4080,0,3698,318,0,1055,0,2102,0,3782,470,0,1198,0,2157,0,3830,0,3791,311,0,1133,0,3060,0,3831,2753,0,3860,3708,0,4922,0,3898,1980,0,2072,0,3986,0,3941,3858,0,4235,0,3977,537,0,793,0,912,0,1169,0,3277,0,4520,0,4104,1553,0,1954,0,3136,0,3227,0,3729,0,3900,0,4473,0,4863,0,4154,865,0,4188,4132,0,4277,1340,0,2469,0,2654,0,3537,0,4327,812,0,3189,0,4433,1298,0,4519,1353,0,1548,0,2711,0,3312,0,4576,3236,0,4294,0,4702,3663,0,4736,0,4730,2624,0,4731,3617,0,4223,0,4763,451,0,2772,0,3922,0,4364,0,4371,0
15,1,1290,0,2765,0,2,2094,0,3,3205,0,4252,0,122,2606,0,3823,0,126,569,0,145,146,0,1088,0,1153,0,1769,0,3848,0,226,590,0,3263,0,4753,0,311,1929,0,3357,0,3534,0,318,345,0,1201,0,2622,0,2889,0,332,681,0,349,4278,0,368,4101,0,4305,0,376,1180,0,433,861,0,3707,0,3814,0,4032,0,451,1252,0,2200,0,455,1100,0,2914,0,4094,0,470,124,0,2461,0,479,1620,0,1885,0,2212,0,480,1386,0,1970,0,2787,0,498,2084,0,3270,0,4031,0,537,1287,0,538,1288,0,545,2140,0,551,2105,0,556,759,0,1016,0,1105,0,3901,0,4196,0,592,184,0,3113,0,639,3817,0,645,2541,0,726,641,0,1846,0,1901,0,2532,0,733,1563,0,3716,0,737,3137,0,3829,0,4732,0,742,359,0,1234,0,788,65,0,3947,0,793,1467,0,3435,0,798,36,0,3564,0,800,134,0,346,0,812,2849,0,846,1534,0,3245,0,3625,0,850,1131,0,3228,0,865,355,4789,4737,0,4821,0,4861,0,882,1491,0,4033,0,4827,0,890,298,0,902,4634,0,912,567,0,3737,0,928,225,0,847,0,3629,0,929,1314,0,2519,0,3348,0,3778,0,988,660,0,993,1555,0,2093,0,2145,0,3520,0,4342,0,1049,560,0,1055,4696,0,1087,3752,0,1133,1419,0,1169,1107,0,3606,0,4588,0,1170,625,0,3984,0,1179,4050,0,1198,2095,0,2148,0,1254,3131,0,1276,1536,0,1297,851,0,1097,0,3096,0,3254,0,1298,147,0,1971,0,3981,0,1340,4488,0,1342,1132,0,4155,0,1353,4328,0,1375,3313,0,1451,4627,0,4822,0,1490,975,0,1881,0,3436,0,1538,518,0,2113,0,1544,208,0,1548,677,0,4674,0,1553,3604,0,4426,0,4472,0,1575,1387,0,2764,0,3713,0,4461,0,1595,1207,0,1596,2709,0,4402,0,1605,4587,0,1634,305,0,609,0,2418,0,2942,0,1675,28,0,2661,0,3274,0,1676,312,0,4525,0,1682,2960,0,4599,0,1825,891,0,2327,0,1900,713,0,1934,1489,0,2982,0,1954,337,0,383,0,4809,0,1980,951,0,2120,0,3175,0,1992,1991,0,3920,0,1999,4670,0,2051,808,0,1038,0,2072,44,0,2491,0,3395,0,2073,499,0,553,0,2083,844,0,2098,190,0,582,0,3953,0,2102,3864,0,4733,0,2141,3101,0,2157,2158,0,4250,0,2199,751,0,4329,0,2343,711,0,2373,3874,0,2455,2542,0,2464,3429,0,2469,2330,0,2472,91,0,1717,0,3378,0,2477,1300,0,3652,0,4879,0,2488,138,0,3360,0,3459,0,3806,0,2494,942,0,2518,3402,0,2525,3619,0,2585,2466,0,3944,0,2602,2769,0,2624,3426,0,2683,2523,0,4309,0,2711,1985,0,2772,25,0,213,0,356,0,440,0,2115,0,2324,0,2703,0,4664,0,2786,4591,0,2802,1911,0,1981,0,3060,160,0,3701,0,3062,3967,0,3108,1968,0,2423,0,3954,0,3136,2727,0,3142,1983,0,3183,2465,0,3699,0,3189,1698,0,3227,809,0,2544,0,4265,0,3236,3433,0,3265,4729,0,3272,1963,0,3281,193,0,3312,3110,0,3341,4108,0,3347,1400,0,2760,0,4660,0,3376,3080,0,3406,1588,0,3407,0,3427,1321,0,4661,0,4739,0,4825,0,3488,4824,0,3586,3750,0,3700,2540,0,3708,2016,0,3724,4021,0,3729,869,0,3468,0,3728,0,3756,623,0,3563,0,3782,845,0,2306,0,4773,0,3791,2027,0,4340,0,3858,303,0,811,0,3857,0,3859,1910,0,3900,326,0,1429,0,1958,0,1972,0,3922,319,0,1554,0,3144,0,3753,0,3927,3350,0,3941,187,0,3977,3870,0,3986,3988,0,4025,2517,0,4028,0,4080,570,0,4133,0,4090,4610,0,4104,1535,0,2508,0,4138,4137,0,4154,1163,0,4237,709,0,2238,0,4186,0,4262,3757,0,4277,4279,0,4294,4829,0,4910,0,4339,1329,0,4364,339,0,1979,0,4370,2220,0,2728,0,3058,0,4387,0,4371,84,0,1875,0,4400,0,4473,1168,0,3099,0,4408,0,4520,4529,0,4576,559,0,4623,0,4858,0,4702,736,0,4832,3643,0,4863,1783,0,4190,0,4625,0,4923,369,0,835,0,1546,0,1686,0,3297,0
16,2,196,0,25,1996,0,2826,0,3600,0,84,1503,0,1726,0,3239,0,3952,0,91,1045,0,4920,0,124,4372,0,146,948,0,2243,0,3049,0,3069,0,147,973,0,1626,0,1839,0,2087,0,2377,0,2677,0,2754,0,3116,0,160,1026,0,208,4924,0,213,438,0,3361,0,4360,0,305,1106,0,3507,0,4747,0,319,354,0,326,3034,0,3404,0,3410,0,4136,0,337,826,0,2623,0,4743,0,339,348,0,4580,0,355,1693,0,368,642,0,2416,0,2825,0,369,1455,0,3601,0,383,120,0,1997,0,3777,0,4505,0,440,340,0,2807,0,451,4093,0,4646,0,518,3180,0,553,2114,0,559,1164,0,3985,0,569,568,0,582,189,0,1797,0,625,3374,0,709,1690,0,4454,0,4655,0,711,1821,0,713,3226,0,800,731,0,809,4656,0,4856,0,835,546,0,850,68,0,865,102,4509,557,0,1388,0,1454,0,2513,0,2706,0,869,2572,0,3521,0,3665,0,890,4691,0,912,913,0,928,1916,0,1038,1543,0,2353,0,1170,3014,0,1252,3117,0,1298,3801,0,1314,1315,0,1321,347,0,397,0,3480,0,3500,0,1387,883,0,2121,0,2821,0,3140,0,3372,0,4434,0,1429,252,0,610,0,3114,0,1467,1470,0,1535,491,0,2074,0,1536,1101,0,1771,0,1546,3145,0,1553,2266,0,2734,0,4353,0,1554,2295,0,3867,0,1686,357,0,2123,0,4554,0,4720,0,1717,1716,0,1875,110,0,1881,1882,0,1901,3320,0,1911,2810,0,1954,1077,0,1743,0,1958,2002,0,1971,544,0,900,0,1799,0,2294,0,2325,0,1972,1017,0,2478,0,4435,0,1979,1960,0,1983,2209,0,3413,0,1991,2550,0,3409,0,2083,4752,0,2084,2100,0,2098,143,0,2112,2111,0,2115,1838,0,2120,401,0,3332,0,2324,1376,0,2488,2049,0,4626,0,2508,1228,0,2519,103,0,3381,0,3458,0,2544,109,0,1502,0,1893,0,2653,0,2683,3945,0,2727,1174,0,1175,0,2772,1847,0,4081,0,2942,2944,0,3175,2213,0,3176,0,3227,1987,0,3245,3244,0,3272,3273,0,3348,92,0,1154,0,1899,0,4826,0,3360,1782,0,2258,0,3427,1680,0,3494,1044,0,4545,0,3672,54,0,3729,3730,0,3752,2575,0,3753,3266,0,3778,1012,0,1522,0,3441,0,4014,0,4303,0,4624,0,3806,2001,0,3827,4005,0,3857,712,0,2702,0,3900,3291,0,3920,3919,0,4012,2080,0,4094,1577,0,1635,0,4024,0,4101,492,0,4186,4354,0,4371,2733,0,4400,2351,0,4408,304,0,4426,4550,0,4472,2352,0,2514,0,4473,1840,0,4576,3508,0,4625,1173,0,4661,2588,0,2773,0,3550,0,4664,3519,0,3627,0,4739,1567,0,1984,0,4809,2496,0,2710,0,4825,1705,0,2427,0,4861,430,0,1266,0,2045,0
17,84,2257,0,91,4286,0,92,3599,0,103,158,0,716,0,738,0,2046,0,4718,0,109,989,0,110,810,0,1689,0,3143,0,3803,0,126,125,0,146,597,0,727,0,862,0,1134,0,2512,0,147,180,0,3709,0,252,2014,0,298,231,0,337,864,0,340,2099,0,347,153,0,306,0,1655,0,2763,0,2850,0,348,1162,0,354,3899,0,401,1157,0,1249,0,430,2206,0,2221,0,2600,0,440,212,0,491,3290,0,557,2290,0,2762,0,2820,0,3000,0,3501,0,713,4301,0,737,4811,0,751,3081,0,809,2959,0,865,1056,0,2023,0,3344,0,883,1263,0,1593,0,3414,0,929,2667,0,4707,0,948,789,0,1040,0,1919,0,1012,536,0,1253,0,1959,0,2946,0,4577,0,4727,0,1017,4686,0,1045,3964,0,1077,2652,0,1105,1089,0,1154,121,0,1921,0,3379,0,4428,0,1164,1165,0,1266,3987,0,1321,2151,0,1376,2340,0,1387,1922,0,2601,0,3165,0,4605,0,1388,558,0,3026,0,1454,50,0,1457,0,1458,0,2428,0,4789,0,1455,2559,0,1489,2244,0,2245,0,3704,0,1522,1251,0,4719,0,1536,475,4753,1567,394,0,1708,0,2379,0,1577,1292,0,1569,0,1626,1744,0,2022,0,2577,0,3425,0,4455,0,1635,3156,0,1680,229,0,399,0,2150,0,2659,0,1705,99,0,820,0,3549,0,1743,3460,0,1782,783,0,4452,0,1839,931,0,1011,0,1223,0,4622,0,1882,4140,0,1899,2587,0,2913,0,1954,2222,0,1983,3774,0,1984,3449,0,1991,3031,0,1997,813,0,2002,2000,0,3157,0,2045,2075,0,2087,842,0,1338,0,2931,0,2111,3890,0,2121,224,0,4462,0,2123,4374,0,2157,2160,0,2163,2162,0,2209,446,0,2999,0,2213,185,0,2243,2704,0,3364,0,4280,0,2327,2328,0,2377,4232,0,2416,456,0,2427,3328,0,2508,2510,0,2513,4509,0,2519,3358,0,4304,0,2575,2576,0,2706,4704,0,2733,1982,0,2812,0,2773,431,0,3615,0,2821,3048,0,4377,0,2944,2945,0,3034,2241,0,3058,3059,0,3069,1130,0,1385,0,3116,3167,0,3140,445,0,2736,0,3176,837,0,3332,1041,0,3040,0,3361,265,0,945,0,1988,0,3775,0,3372,994,0,1495,0,4574,0,4818,0,3427,1609,0,3441,4087,0,3458,495,0,1296,0,3480,1384,0,4810,0,3500,1383,0,1496,0,3550,972,0,1262,0,3730,3733,0,3778,2401,0,3782,3783,0,3988,4612,0,4014,640,0,4024,150,0,1304,0,4872,0,4434,680,0,4550,4909,0,4624,1576,0,4626,2003,0,4013,0,4661,4192,0,4739,3215,0,4861,4236,0,4920,3505,0
18,50,679,0,2205,0,68,70,0,91,90,0,102,2876,0,121,1248,0,150,2398,0,4684,0,158,1194,0,224,2164,0,265,3141,0,3877,0,4828,0,306,4193,0,431,1656,0,446,3356,0,469,4912,0,495,1335,0,1841,0,557,1079,0,558,3554,0,640,395,0,716,1858,0,738,2813,0,842,1293,0,865,3346,0,3871,0,883,2963,0,913,2242,0,972,195,0,4096,0,1011,4679,0,1044,732,0,1045,1043,0,1087,1090,0,1165,919,0,1201,198,0,1262,4375,0,1387,1990,0,1454,728,0,1496,156,0,1522,188,0,1567,1523,0,1609,3276,0,1626,1892,0,1675,4543,0,1705,228,0,2002,4412,0,2003,4092,0,2046,4211,0,2150,3446,0,2151,2147,0,2209,2799,0,2427,3442,0,2587,1724,0,2733,3815,0,2763,1219,0,2999,52,0,3059,3163,0,3156,1918,0,3181,3179,0,3328,2856,0,3332,266,0,3364,2378,0,3436,15,0,3505,3294,0,3710,3711,0,3778,3187,0,4574,4264,0,4612,4613,0,4627,4628,0,4661,1129,0,4691,892,0,4909,637,0,4653,0,4920,1713,0
19,52,1810,0,68,830,0,90,2475,0,4465,0,198,4398,0,339,338,0,495,2567,0,900,1218,0,4127,0,913,458,0,919,3897,0,929,3085,0,972,3368,0,1044,179,0,1378,0,1130,574,0,1165,1167,0,1201,13,0,765,0,1523,588,0,1875,1874,0,1910,1547,0,1922,4703,0,2002,730,0,2151,443,0,2164,4573,0,2258,2315,0,2423,2424,0,3179,3051,0,3775,3779,0,3777,3776,0,3901,3902,0,3985,3079,0,4094,3574,0,4192,4191,0,4372,4486,0,4587,4423,0,4612,178,0,4825,300,0
20,84,85,0,90,4645,0,252,253,0,440,437,0,443,3535,0,588,589,0,730,4559,0,890,1006,0,1045,4669,0,1157,1160,0,1162,1161,0,1167,2184,0,3046,0,1218,4195,0,1991,1993,0,2094,3579,0,2120,216,0,2145,2304,0,2290,2289,0,2508,2511,0,2820,535,0,3368,2064,0,3395,2232,0,3494,906,0,4890,0,3704,3702,0,3919,4594,0,4398,3833,0,4423,3994,0,4574,3107,0,4747,4746,0,4909,1805,0,4920,2796,0
21,13,1585,0,4177,0,15,957,0,70,69,0,90,4258,0,91,1530,0,198,685,0,556,555,0,919,1758,0,1071,4179,0,1160,1158,0,1713,4346,0,1882,1809,0,1916,1917,0,2099,2101,0,2120,706,0,2160,3582,0,2472,2505,0,2511,657,0,2541,4130,0,2942,2943,0,3163,3075,0,3460,1003,0,3711,3186,0,3823,323,0,4195,896,0,3432,0,4613,707,0,4645,1267,0,4912,2964,0
22,13,1584,0,90,3667,0,440,439,0,446,1871,0,574,2684,0,913,2657,0,919,3894,0,993,991,0,1003,746,0,1267,4316,0,4506,0,1378,4784,0,1530,1531,0,2337,0,1917,1597,0,2098,1172,0,2160,3223,0,2232,2233,0,2315,4242,0,2541,3445,0,2622,2621,0,2796,2896,0,2944,4850,0,3075,666,0,3110,3111,0,4156,0,3145,1048,0,3290,4175,0,3582,1208,0,3733,3732,0,3746,3745,0,4094,409,4294,4423,3997,0,4612,2298,0,4746,2070,0
23,103,104,0,179,2197,0,216,130,0,253,3252,0,475,1518,0,535,2281,0,896,3302,0,1165,182,0,918,0,1208,4238,0,1267,3066,0,1292,2144,0,1378,296,0,1874,1060,0,2070,2603,0,4700,0,2160,1624,0,2206,1777,0,2576,1144,0,2657,4749,0,3111,1927,0,3116,3115,0,3156,3155,0,3402,3403,0,3414,4122,0,3432,952,0,3667,1430,0,3595,0,3745,1081,0,1735,0,3894,1795,0,4195,743,0,4316,2492,0,4465,982,0,4594,2020,0,4612,2397,0
24,13,12,0,130,4503,0,216,219,0,231,3258,0,253,370,0,666,2272,0,982,1833,0,1043,1192,0,1060,552,0,4318,0,1267,2947,0,1624,1151,0,1795,4894,0,2244,3220,0,2281,1030,0,2423,1193,0,2425,0,2492,827,0,1748,0,2657,3511,0,4063,0,2896,3527,0,3115,3649,0,3223,3255,0,3252,2447,0,3302,1345,0,3874,3875,0,3897,270,0,3994,587,0,4094,1796,0,4130,2251,0,4258,1412,0,4613,4615,0,4719,3063,0,4749,88,0
25,15,3336,0,216,691,0,431,429,0,439,4790,0,587,983,0,1041,1039,0,1267,1222,0,4471,0,1412,575,0,1548,1550,0,1597,2260,0,1795,754,0,1882,2726,0,4882,0,2160,2756,0,2197,493,0,2505,2506,0,4855,0,2576,3233,0,3258,420,0,3302,853,0,3436,3841,0,3445,205,0,3460,747,0,3667,981,0,3728,3504,0,3875,3112,0,3894,2501,0,4175,4781,0,4258,1645,0,4318,405,0,406,0,4703,603,0,4909,3946,0
26,409,4643,0,552,60,0,574,115,0,587,2039,0,4662,0,680,358,0,743,744,0,754,235,0,1788,0,4927,0,952,3345,0,1105,3104,0,1193,4059,0,1222,1221,0,1267,3630,0,1412,4284,0,4466,0,1430,3242,0,1585,1598,0,1645,4816,0,1795,1561,0,1874,684,0,1922,1920,0,1927,1580,0,3063,3128,0,3220,3267,0,3233,3235,0,3368,2125,0,3803,3804,0,3994,3544,0,4346,268,0,4372,94,0,4373,0,4784,1381,0,4818,4819,0,4894,549,0
27,268,4476,0,549,721,0,3686,0,4633,0,574,1506,0,575,1516,0,587,4016,0,691,1582,0,2092,0,900,898,0,929,930,0,982,1515,0,3052,0,983,648,0,2528,0,1105,1108,0,1267,4141,0,1430,1639,0,1795,720,0,1893,1894,0,1920,388,0,2002,3324,0,4224,0,2039,2957,0,3342,0,2184,2737,0,2251,2252,0,2796,4362,0,3336,2634,0,3544,1230,0,1780,0,4076,0,3549,3547,0,3630,1273,0,3667,2539,0,4284,3851,0,4466,1424,0,4613,1670,0,4615,2011,0,4662,2770,0,4882,2862,0
28,60,1034,0,1792,0,338,1834,0,388,3991,0,549,4698,0,575,1898,0,648,3938,0,716,715,0,721,4759,0,747,2161,0,945,947,0,983,1197,0,1081,773,0,1144,3683,0,1412,522,0,1515,4764,0,1561,819,0,1645,1644,0,1780,513,0,3439,0,1795,550,0,1833,1831,0,1894,2843,0,1920,932,0,2144,4027,0,2209,2208,0,2251,2253,0,2667,2666,0,2737,2738,0,2947,3289,0,3052,3631,0,3104,3105,0,3242,1382,0,1747,0,3324,4557,0,3890,3889,0,3891,0,4076,3744,0,3880,0,4526,4527,0,4633,133,0,4662,4446,0,4781,2610,0
29,60,1182,0,216,1359,0,473,471,0,513,2041,0,522,521,0,2493,0,549,4931,0,552,481,0,575,2739,0,819,1181,0,1034,3895,0,1222,1611,0,1561,4293,0,1585,2529,0,1644,618,0,1645,2474,0,2965,0,2049,2050,0,2094,613,0,2120,2751,0,2258,2224,0,2281,581,0,2666,416,0,2737,2906,0,2770,517,0,825,0,3107,3106,0,3163,3199,0,3282,0,3289,4469,0,3701,4218,0,3733,4247,0,3880,227,0,3891,20,0,4076,489,0,718,0,4557,170,0,4633,2291,0,4698,162,0,2436,0,4882,2637,0,4927,3810,0
30,109,4915,0,170,3319,0,227,2774,0,513,4129,0,549,2614,0,4107,0,552,3666,0,581,2035,0,718,2055,0,913,2972,0,1040,1042,0,1182,3843,0,1222,2996,0,1382,1150,0,1412,1413,0,1826,0,1430,2396,0,1561,2076,0,1894,4607,0,2020,3087,0,4085,0,2041,63,0,2087,2088,0,2095,2097,0,2125,2805,0,2145,855,0,2258,3437,0,2281,2958,0,2291,1309,0,2684,1507,0,2737,4602,0,3111,3299,0,3199,1973,0,3245,3246,0,3711,1280,0,3744,3847,0,4869,0,3810,3808,0,3880,1867,0,4027,1478,0,4141,1319,0,4612,415,0,4759,4757,0,4764,4765,0,4781,1800,0,4927,630,0,1573,0,4001,0
