1,3595,981,0
2
3
4
5,3595,982,0
6,982,3052,0
7,982,1412,0,1898,0,2947,0,3052,1611,0
8,1611,2539,0,1898,1424,0,3052,4466,0
9,1424,2493,0,1611,1748,0,4129,0,1898,4764,0,2947,1516,0,4466,2172,0
10,1424,3851,0,1516,1222,0,1611,3217,0,1748,4506,0
11,1222,2474,0,3631,0,1412,2739,0,3289,0,1516,1382,0,1748,2492,0,1898,4645,0,2493,932,0,1747,0,2539,827,0,3851,432,0,4466,4469,0,4764,1267,0
12,432,429,0,827,3855,0,982,1920,0,1267,4141,0,1424,3991,0,2493,90,0,1273,0,2539,1639,0,3289,513,0,4129,3557,0,4466,3066,0,4465,0,4764,1888,0,3630,0
13,90,1826,0,1424,4258,0,1611,522,0,3102,0,1747,388,0,3066,3067,0,4466,4316,0,4645,4816,0
14,388,4471,0,1222,2996,0,1382,2475,0,3102,3104,0,3557,4284,0,3851,575,0
15,90,3242,0,575,1645,0,1382,4457,0,2739,2737,0,4471,1833,0
16,90,2396,0,513,1483,0,4528,0,1611,2778,0,2475,1149,0,2492,1737,0,3242,3889,0,3851,3816,0,4129,1430,0,4466,2965,0
17,1149,4495,0,1483,1371,0,1867,0,1748,3667,0,1888,2589,0,4528,16,0
18,16,2530,0,429,431,0,1149,1034,0,1573,0,4293,0,1826,1150,0,1867,32,0,2589,2597,0,2778,1610,0,4528,2299,0
19,16,3439,0,431,2045,0,2209,0,2762,0,513,587,0,575,1515,0,1034,1036,0,4001,0,1149,684,0,1151,0,1573,3512,0,1867,586,0,2528,0,2530,2041,0,3102,3103,0,3816,585,0,3855,3852,0,4293,1181,0,4894,0,4495,4496,0
20,16,512,0,1003,0,1231,0,32,2957,0,431,99,0,180,0,394,0,1079,0,2667,0,3615,0,4211,0,4719,0,4825,0,587,4446,0,684,60,0,1181,2274,0,1515,258,0,1867,3880,0,2041,3909,0,2045,1041,0,1262,0,1263,0,2003,0,2601,0,4707,0,2209,1266,0,1576,0,2773,0,3425,0,4727,0,2762,1223,0,2706,0,3358,0,3554,0,4872,0,3102,1020,0,2915,0,3439,1868,0,3938,0,4001,3894,0,4913,0
21,16,648,0,60,1792,0,99,146,0,399,0,2519,0,180,445,0,1293,0,1523,0,2799,0,2821,0,4094,0,394,4718,0,431,2205,0,512,2139,0,3342,0,587,3544,0,684,692,0,1561,0,2614,0,1041,395,0,495,0,2401,0,3774,0,4704,0,1079,931,0,1129,0,1522,0,1593,0,2151,0,3048,0,3141,0,3328,0,4087,0,4377,0,1151,3378,0,1181,1434,0,1223,597,0,1705,0,2022,0,2046,0,3069,0,1262,50,0,2931,0,4304,0,1263,52,0,2427,0,2733,0,3276,0,4193,0,1266,1384,0,1918,0,2763,0,1576,1056,0,1635,0,4092,0,4679,0,2003,789,0,842,0,2328,0,2754,0,2946,0,3332,0,2045,121,0,1253,0,1724,0,2209,397,0,1454,0,2704,0,2963,0,2274,2272,0,2530,4889,0,2601,1154,0,1383,0,3000,0,3215,0,2667,1656,0,1744,0,2706,1959,0,2164,0,2378,0,2762,2121,0,4236,0,3358,2023,0,3877,0,3425,224,0,3458,0,3554,265,0,3140,0,4428,0,3615,1892,0,3894,1795,0,4001,406,0,720,0,3810,0,4211,973,0,1130,0,2820,0,4293,3686,0,4446,4568,0,4707,865,0,1249,0,1922,0,3165,0,4719,1338,0,3346,0,3500,0,4727,862,0,2512,0,4375,0,4626,0,4825,1899,0,2677,0,3413,0,3480,0,4872,1134,0,3348,0,3446,0
22,32,4030,0,4662,0,50,228,0,1496,0,52,2290,0,2913,0,3778,0,3987,0,99,3709,0,4605,0,4622,0,4810,0,4828,0,121,195,0,536,0,1626,0,146,1157,0,2856,0,4232,0,180,92,0,679,0,2876,0,394,1919,0,4014,0,4739,0,395,2813,0,397,1321,0,2162,0,431,1248,0,1841,0,2075,0,445,1988,0,2577,0,495,883,0,1304,0,586,1736,0,597,103,0,716,0,738,0,3364,0,4096,0,4434,0,648,983,0,692,721,0,789,1012,0,1292,0,3049,0,4861,0,842,3157,0,3815,0,862,1387,0,1388,0,865,28,4434,942,0,1490,0,2559,0,2659,0,3519,0,3750,0,4192,0,4826,0,931,1983,0,973,266,0,1041,2850,0,1056,1655,0,1708,0,2222,0,1079,1984,0,3449,0,4703,0,1129,2600,0,1134,2587,0,1149,481,0,1151,2160,0,1154,1495,0,1223,1296,0,1839,0,3871,0,1231,4076,0,1249,945,0,1253,229,0,2588,0,3550,0,4573,0,1262,150,0,1567,0,2567,0,3361,0,1263,1982,0,2150,0,3167,0,1266,401,0,1293,2002,0,3427,0,1383,1858,0,1434,405,0,2076,0,1454,1569,0,1522,948,0,1960,0,2812,0,3599,0,4412,0,1593,3601,0,1635,2206,0,1724,4024,0,1744,2999,0,1795,4927,0,1899,3442,0,1918,1335,0,2087,0,2147,0,2379,0,1922,1194,0,1959,1577,0,2003,994,0,2022,640,0,4455,0,2045,2221,0,4462,0,2046,2736,0,2139,1780,0,2151,3026,0,2164,102,0,4789,0,2328,347,0,2398,0,3549,0,2378,4209,0,2401,158,0,4577,0,2427,2243,0,2597,2598,0,2601,4661,0,2614,2291,0,4311,0,2677,1040,0,2706,2707,0,2733,189,0,2266,0,2754,188,0,929,0,2762,1251,0,2763,3156,0,2773,820,0,2774,0,2931,3344,0,4818,0,2957,1909,0,2963,1921,0,3356,0,3328,3040,0,3346,727,0,4574,0,3378,296,0,1459,0,1530,0,2851,0,4669,0,3425,3116,0,3439,694,0,3458,680,0,3480,446,0,3512,1473,0,3544,4876,0,3554,3372,0,3774,4624,0,3877,153,0,4087,4684,0,4094,160,3927,345,4154,383,4235,1342,0,2099,0,3507,0,3737,0,4280,0,4525,0,4588,0,4377,1680,0,4428,430,0,4495,162,0,4626,3114,0,3441,0,4679,1385,0,4707,4303,0,4719,3501,0,4894,1874,0,4913,2233,0
23,28,433,0,609,0,811,0,1055,0,1538,0,1545,0,1821,0,2027,0,2113,0,2518,0,2622,0,2979,0,3827,0,3901,0,50,2377,0,99,1011,0,103,728,0,150,2120,0,160,498,0,861,0,1605,0,2914,0,3270,0,162,630,0,3843,0,189,354,0,610,0,1535,0,1743,0,1847,0,2703,0,266,3187,0,296,179,0,2505,0,345,65,0,192,0,2540,0,2585,0,383,2508,0,4923,0,395,557,0,1990,0,3414,0,405,1182,0,597,3379,0,640,558,0,692,3203,0,862,3381,0,865,1,4426,546,0,835,0,989,0,1169,0,1491,0,1900,0,2238,0,2942,0,4033,0,4696,0,929,225,0,1375,0,1698,0,2199,0,4736,0,942,556,0,891,0,2327,0,3814,0,3817,0,3947,0,4827,0,1040,1042,0,1041,2428,0,1134,1133,0,1223,1609,0,1231,63,0,1251,147,0,1273,1274,0,1292,278,0,1296,306,0,1342,537,0,1100,0,1384,1386,0,1387,122,0,560,0,847,0,4080,0,1434,3666,0,1490,641,0,737,0,3131,0,3160,0,3520,0,1561,436,0,1792,1474,0,1839,972,0,1874,4318,0,1960,120,0,3143,0,4136,0,4625,0,4910,0,1983,812,0,2787,0,3663,0,3713,0,3782,0,3920,0,1984,1985,0,2002,826,0,864,0,4370,0,2099,3136,0,3665,0,4400,0,4454,0,2121,2122,0,2139,1734,0,2160,2756,0,3223,0,2222,2324,0,4013,0,2233,4107,0,2266,642,0,1979,0,2550,0,2572,0,3297,0,3806,0,4473,0,2530,687,0,2559,138,0,304,0,1162,0,3404,0,2733,3410,0,2773,2775,0,2851,3511,0,3114,440,0,3031,0,3157,3155,0,3361,25,0,2544,0,2825,0,3364,3365,0,3378,1045,0,3582,0,4238,0,3427,479,0,928,0,2602,0,3708,0,4133,0,4262,0,3441,3438,0,3458,3456,0,3507,213,0,339,0,1783,0,3468,0,3519,356,0,4720,0,3601,2241,0,3627,0,3777,0,3737,569,0,793,0,1107,0,1234,0,1451,0,3944,0,4811,0,3750,82,0,1016,0,1555,0,4842,0,3880,1197,0,4076,4343,0,4209,3690,0,4232,4233,0,4303,4770,0,4525,1131,0,2682,0,2683,0,3060,0,4568,825,0,4588,2145,0,4626,4265,0,4472,0,4669,1044,0,1624,0,2472,0,3345,0,3505,0,4889,1978,0
24,1,1026,0,1297,0,4249,0,4520,0,25,709,0,1797,0,1893,0,2826,0,3144,0,3803,0,4408,0,4821,0,4829,0,28,1695,0,2098,0,3374,0,3624,0,63,64,0,65,3606,0,82,851,0,975,0,120,337,0,122,1180,0,1207,0,1595,0,1911,0,2925,0,138,582,0,1875,0,2727,0,4374,0,4509,0,147,2114,0,3406,0,3898,0,4260,0,160,625,0,1682,0,1846,0,2163,0,2372,0,3272,0,3977,0,189,813,0,1954,0,2575,0,4305,0,4505,0,4763,0,192,2462,0,4028,0,213,1101,0,1170,0,2051,0,2123,0,2351,0,4743,0,225,736,0,3070,0,3537,0,4675,0,304,2340,0,345,2146,0,3274,0,4857,0,354,810,0,2959,0,356,1840,0,3291,0,383,456,0,1164,0,1175,0,3952,0,4686,0,405,754,0,433,912,0,988,0,1676,0,2466,0,3347,0,440,544,0,1689,0,479,346,0,1074,0,2802,0,4753,0,4922,0,498,473,0,993,0,1536,0,1693,0,1901,0,2517,0,3945,0,537,1563,0,3791,0,4660,0,546,1686,0,3600,0,556,660,0,2464,0,4732,0,560,570,0,1276,0,3108,0,3669,0,569,568,0,2306,0,2414,0,3113,0,3801,0,4321,0,4437,0,609,1200,0,1287,0,610,340,0,1376,0,1470,0,2213,0,641,1105,0,737,3341,0,4634,0,793,208,0,4012,0,811,311,0,2608,0,3137,0,826,326,0,3014,0,3775,0,835,3236,0,4623,0,847,1971,0,2524,0,4277,0,861,639,0,3621,0,4342,0,4832,0,864,1077,0,865,332,4733,2343,0,2760,0,4360,0,891,1419,0,2982,0,3061,0,928,196,0,2465,0,2769,0,942,1427,0,1675,0,3436,0,989,4576,0,1016,759,0,1020,1052,0,1042,31,0,1055,1366,0,2102,0,1100,733,0,1107,1108,0,2048,0,3701,0,3858,0,4309,0,4586,0,1131,3228,0,3874,0,4025,0,1133,726,0,1162,2514,0,1169,1549,0,2532,0,1234,808,0,1934,0,4610,0,1342,1288,0,1375,3981,0,4752,0,1386,2,0,36,0,492,0,4102,0,1387,750,0,2711,0,2977,0,1434,819,0,1451,788,0,2399,0,1473,552,0,753,0,1490,518,0,3402,0,1491,318,0,4670,0,1535,4104,0,1538,3,0,305,0,3829,0,1555,3180,0,1605,4820,0,4924,0,1624,1315,0,2796,0,1635,1636,0,1698,677,0,2021,0,1743,2074,0,2488,0,1821,1489,0,2100,0,1847,1726,0,1782,0,1900,3724,0,4031,0,4196,0,1960,4364,0,1979,348,0,4664,0,1983,2455,0,2930,0,3629,0,4674,0,1985,193,0,1596,0,2784,0,2027,1097,0,2104,0,2113,3716,0,2120,1981,0,3380,0,4672,0,2122,731,0,3062,0,3824,0,2145,1671,0,1767,0,4599,0,2151,3741,0,2160,2896,0,3294,0,2199,1885,0,2786,0,3391,0,2209,2208,0,2238,3239,0,4237,0,2241,2807,0,4081,0,2291,2292,0,2324,1173,0,1996,0,2327,3698,0,4526,0,2472,1153,0,3327,0,4101,0,2508,1771,0,1972,0,2518,190,0,4340,0,2544,2652,0,2550,319,0,2220,0,2702,0,3728,0,3984,0,2559,3857,0,2572,3753,0,2585,1290,0,1568,0,1999,0,3927,0,4529,0,2602,2542,0,3757,0,2614,2613,0,2622,1329,0,1679,0,2093,0,2677,2678,0,2682,1634,0,2105,0,2373,0,2418,0,4032,0,2683,1881,0,2703,1987,0,3099,0,2733,712,0,2787,2473,0,3488,0,2825,1228,0,2257,0,2914,551,0,882,0,3031,2513,0,4856,0,3060,538,0,3707,0,3114,2728,0,3752,0,3136,1997,0,3143,4655,0,3160,3700,0,3270,2765,0,3297,109,0,4858,0,3342,227,0,3343,0,3345,91,0,853,0,3361,809,0,2200,0,4809,0,3378,3964,0,3404,4093,0,4863,0,3410,559,0,2710,0,3439,20,0,3468,2014,0,2478,0,3922,0,4353,0,3507,3521,0,3519,3899,0,3601,2834,0,3627,3034,0,3508,0,3985,0,3663,798,0,1179,0,2849,0,3430,0,4824,0,3666,133,0,3708,845,0,2073,0,3563,0,4461,0,3750,3619,0,4155,0,3777,3604,0,4387,0,3782,645,0,3101,0,3533,0,3860,0,3806,2734,0,3814,1400,0,1963,0,2084,0,2494,0,3817,1254,0,3534,0,3880,718,0,3889,1244,0,3894,1060,0,3901,1825,0,3920,349,0,1620,0,4328,0,3944,3435,0,3947,1646,0,3870,0,4001,3918,0,4033,711,0,1594,0,4080,1088,0,1340,0,1619,0,3181,0,4261,0,4702,0,4107,1807,0,4133,480,0,2016,0,2116,0,2654,0,3967,0,4879,0,4209,1802,0,4262,553,0,1198,0,2094,0,3670,0,4293,4698,0,4370,3175,0,4656,0,4400,252,0,4412,4413,0,4454,2001,0,3409,0,3729,0,4473,1554,0,2623,0,4525,4627,0,4588,3864,0,3941,0,4696,3746,0,4720,357,0,4736,1534,0,3699,0,4050,0,4842,713,0,2080,0,4108,0,4889,666,0,4351,0,4910,3730,0,3953,0,4301,0,4923,1168,0,1958,0
25,2,367,0,1353,0,1588,0,2095,0,3,567,0,3012,0,25,110,0,3290,0,3867,0,28,681,0,3096,0,36,590,0,2809,0,3281,0,64,1132,0,65,455,0,82,303,0,102,104,0,103,101,0,122,44,0,376,0,3183,0,3564,0,3671,0,133,1309,0,147,3616,0,4223,0,189,4909,0,196,2141,0,208,4733,0,213,491,0,1455,0,3460,0,252,185,0,3360,0,258,719,0,305,1790,0,2968,0,318,1201,0,4021,0,319,1991,0,3266,0,326,3058,0,339,4737,0,345,3586,0,346,951,0,2423,0,2764,0,3189,0,349,592,0,3265,0,4327,0,354,4186,0,383,384,0,2416,0,3145,0,406,549,0,433,2599,0,440,438,0,456,3117,0,473,187,0,480,1300,0,4488,0,518,4090,0,4822,0,537,2525,0,2661,0,3429,0,551,2889,0,553,2469,0,2810,0,559,2258,0,4354,0,560,3652,0,569,499,0,570,800,0,1769,0,3830,0,582,4294,0,609,1354,0,4138,0,610,4580,0,625,3382,0,630,1073,0,639,1929,0,645,2477,0,3954,0,677,3395,0,680,4035,0,692,235,0,713,4426,0,731,2212,0,3848,0,736,3245,0,3823,0,750,1278,0,2072,0,2089,0,4730,0,759,3350,0,793,1106,0,2112,0,798,368,0,808,1617,0,809,4452,0,811,3376,0,812,846,0,2461,0,3676,0,813,2653,0,835,4371,0,845,1575,0,3311,0,847,226,0,545,0,853,3302,0,864,1038,0,1838,0,882,359,0,928,751,0,975,3643,0,988,4587,0,1026,3357,0,1055,3277,0,1074,1914,0,1968,0,1088,2140,0,2709,0,1133,890,0,1173,4550,0,1175,1429,0,3900,0,1179,1916,0,2887,0,3135,0,4252,0,1197,591,0,1198,3263,0,4773,0,1207,3625,0,1228,2295,0,1231,489,0,1244,4139,0,1254,1086,0,1276,134,0,2606,0,1340,2541,0,2929,0,4402,0,4731,0,1371,1674,0,1375,3986,0,1376,1546,0,1387,3142,0,1459,913,0,1489,2245,0,4235,0,1491,1163,0,4154,0,1534,1992,0,1545,742,0,1561,3895,0,1594,850,0,1596,2157,0,3756,0,1605,3080,0,1619,184,0,2969,0,3313,0,3859,0,1620,2753,0,1624,1378,0,1636,3028,0,1646,1426,0,1671,977,0,1672,0,1676,312,0,1686,869,0,1698,470,0,1910,0,1743,1017,0,1771,1690,0,1797,2496,0,1833,1831,0,1840,212,0,1847,1553,0,1934,4339,0,4663,0,4880,0,1963,902,0,1971,2197,0,4519,0,1981,3396,0,3672,0,4329,0,1987,2325,0,2003,2004,0,2021,3831,0,2098,2049,0,2114,623,0,1298,0,2116,1970,0,2199,2624,0,4132,0,2220,451,0,2222,1087,0,2233,1778,0,2232,0,2351,1980,0,3226,0,2472,1043,0,2514,2294,0,2572,1502,0,2352,0,2575,84,0,1174,0,4646,0,2608,1202,0,2727,3459,0,2756,4594,0,2769,3205,0,2786,469,0,2083,0,2426,0,2796,2020,0,2896,3255,0,2930,1178,0,4188,0,3061,2523,0,3104,3105,0,3108,211,0,3113,2491,0,3136,3433,0,3181,1548,0,3223,1345,0,3239,4435,0,3297,1543,0,3327,4591,0,3361,4213,0,3406,3407,0,3505,4362,0,3508,1503,0,2353,0,3533,126,0,3534,1544,0,3537,2330,0,4433,0,3599,3602,0,3701,4217,0,3752,4190,0,3753,3227,0,3777,3776,0,4554,0,3782,4729,0,3864,3865,0,3894,1165,0,3927,3254,0,3945,2960,0,3985,2829,0,4001,2436,0,4318,705,0,4408,2115,0,4660,1467,0,4669,906,0,952,0,4743,4745,0,4829,2772,0,4842,355,0,4863,1252,0,4879,1717,0,4636,0
26,52,947,0,91,4286,0,211,3312,0,224,222,0,225,1049,0,401,400,0,480,145,0,489,2055,0,575,573,0,666,2091,0,680,358,0,684,775,0,798,1696,0,3617,0,845,3426,0,906,1950,0,983,3891,0,1038,369,0,1043,1218,0,1045,2242,0,1060,1061,0,1073,1072,0,1088,1089,0,1153,844,0,1178,1749,0,1278,4250,0,1340,2148,0,1378,1829,0,1473,2188,0,1530,900,0,4890,0,1553,2941,0,1620,124,0,1656,280,0,1769,4566,0,1780,1866,0,1802,4207,0,1807,3758,0,2072,4278,0,2076,4633,0,2145,2304,0,2232,2234,0,2233,2235,0,2391,0,2477,2708,0,2600,2603,0,2614,550,0,3835,0,2784,2783,0,3290,4783,0,3294,4920,0,3439,3994,0,3460,1195,0,3944,320,0,3964,4127,0,3981,3982,0,3985,4768,0,4050,4049,0,4217,3688,0,4821,4823,0
27,63,1082,0,109,2571,0,235,4759,0,587,517,0,713,2450,0,716,715,0,900,896,0,1045,743,0,1073,969,0,1132,454,0,1149,1152,0,1170,3065,0,1195,3336,0,1371,3204,0,1378,1381,0,1455,1458,0,1620,3278,0,1671,1673,0,1866,2770,0,1922,1923,0,2095,2097,0,2145,855,0,2372,239,0,2374,0,3555,0,2428,4245,0,2472,4545,0,2774,3847,0,2941,78,0,2963,2962,0,3031,2210,0,3145,1048,0,3245,3246,0,3358,3359,0,3947,3946,0,4030,4029,0,4209,4208,0,4217,4220,0,4277,2203,0,4633,4926,0,4656,814,0,4890,732,0,4920,3229,0,4927,4699,0,4931,0
28,3,3011,0,489,2039,0,550,4367,0,648,647,0,713,1127,0,720,2011,0,819,1788,0,1079,1078,0,1178,1341,0,1195,746,0,1378,493,0,1675,154,0,1771,1770,0,1778,3024,0,1881,1882,0,1888,1891,0,2890,0,1909,4582,0,2051,1111,0,2094,613,0,2197,3527,0,2436,2435,0,2472,2337,0,3048,3046,0,3145,4467,0,3204,297,0,3294,3292,0,3488,3489,0,3666,2543,0,3994,3997,0,4029,4929,0,4127,2741,0
29,3,2482,0,63,1975,0,78,4798,0,278,1905,0,451,450,0,560,561,0,743,3432,0,969,4307,0,977,1822,0,1072,1761,0,1127,2451,0,1197,1394,0,1780,1230,0,1831,4463,0,1882,72,0,2639,0,1888,1889,0,4767,0,1901,3321,0,1934,1935,0,1983,2789,0,1997,3862,0,2203,3872,0,2613,965,0,2887,2888,0,3101,3100,0,3378,1816,0,3460,2161,0,3621,3620,0,3847,3518,0,3918,2432,0,3982,313,0,4209,4210,0,4367,3956,0,4452,4451,0,4696,4697,0,4768,3444,0,4783,4784,0
30,72,3093,0,78,2135,0,266,264,0,406,3712,0,713,1092,0,965,966,0,1011,2884,0,1052,4289,0,1341,1938,0,1792,1793,0,1888,4299,0,1889,3121,0,1978,1977,0,2011,2638,0,2051,2367,0,2091,2092,0,2105,2836,0,2435,2730,0,2774,616,0,2941,45,0,3067,1035,0,3175,3176,0,3321,1031,0,3361,3965,0,3862,2498,0,3982,756,0,4139,4135,0,4217,4877,0
