1,45635,7668,-1,

2,45635,48306,-1,12114,-1,22834,-1,7033,-1,44514,-1,

3,45635,43455,-1,

4,45635,18857,-1,

5,45635,5874,-1,

6,45635,33811,-1,

7,45635,37282,-1,

8,45635,44450,-1,
48306,20382,-1,

9,22834,21434,-1,
48306,40808,-1,15842,-1,39958,0,

10,22834,29584,-1,
45635,5862,-1,48317,-1,
48306,20555,-1,

11,48306,23787,-1,

12,45635,36578,-1,

13,7033,13719,-1,32883,-1,
12114,27451,-1,
22834,40846,-1,22009,-1,

14,39958,15676,-1,39954,-1,18670,-1,16472,2,
45635,21256,-1,49754,-1,

15,7033,37032,-1,
39958,5736,-1,

16,5862,40171,-1,
12114,46781,-1,
45635,29236,-1,
48317,13385,-1,

17,5862,12236,-1,
20555,23325,2,
37282,32988,-1,
39958,4607,-1,
45635,44832,-1,

18,45635,17001,-1,13433,-1,

19,5862,19033,-1,
12114,7445,-1,
22834,24016,-1,
39954,36531,0,

20,12114,25855,-1,
39954,332,2,

21,22009,16018,1,
39958,47355,-1,

22,5862,26946,-1,34263,0,
16472,8353,1,

23,5862,14835,-1,
33811,4717,-1,

24,
25,40846,1741,-1,

26,5862,7809,-1,
21434,14801,-1,

27,29584,42150,1,
47355,44293,-1,

28,
29,
30,5862,42426,-1,

