1
2
3
4
5,3490,917,0
6
7
8,3490,3491,0
9,917,4406,0
10,917,55,0
11
12,55,2789,0
13
14
15,4406,4439,0
16
17,2789,1837,0,4406,1781,0
18
19
20
21,4406,4407,0
22
23
24,1837,1983,0
25,1983,50,0,1340,0,1656,0,2398,0,3135,0,3831,0,4573,0,4702,0,4828,0,2789,2651,0
26,50,994,0,1335,0,3601,0,4605,0,1340,677,0,2461,0,3142,0,3898,0,1656,188,0,280,0,1577,0,2087,0,3215,0,1983,495,0,592,0,1248,0,2162,0,3263,0,3549,0,2398,1040,0,1263,0,1567,0,1918,0,1922,0,3116,0,4232,0,4826,0,3135,36,0,2542,0,3327,0,3831,126,0,134,0,1971,0,2477,0,3396,0,3488,0,3676,0,3756,0,4573,397,0,862,0,1680,0,2519,0,4702,1179,0,2072,0,2083,0,3395,0,4636,0,4828,2045,0,2677,0,2821,0,3140,0,3871,0
27,36,1885,0,2491,0,4591,0,4752,0,50,865,0,1635,0,1984,0,2999,0,3413,0,3427,0,3449,0,4236,0,126,1074,0,1717,0,1910,0,2753,0,3625,0,134,951,0,1387,0,1980,0,2120,0,2426,0,3699,0,188,1011,0,3358,0,397,1194,0,2290,0,3501,0,3987,0,495,558,0,1223,0,1899,0,3425,0,4013,0,4375,0,592,147,0,1153,0,1769,0,2654,0,2787,0,2809,0,3920,0,4132,0,677,553,0,2306,0,3967,0,862,153,0,1154,0,1919,0,2377,0,2667,0,3372,0,994,266,0,1892,0,2567,0,2812,0,3774,0,4087,0,1040,2946,0,3346,0,4577,0,1179,2073,0,3801,0,3986,0,1248,1655,0,1988,0,2378,0,2704,0,2773,0,1263,1569,0,2151,0,3040,0,3165,0,1335,103,0,180,0,597,0,1251,0,3414,0,1340,479,0,750,0,2148,0,2524,0,3981,0,1567,306,0,2150,0,2659,0,3187,0,1577,1293,0,3877,0,1680,3156,0,1918,738,0,931,0,2401,0,1922,150,0,1296,0,2850,0,3815,0,4096,0,1971,470,0,2473,0,2544,0,2786,0,2810,0,3430,0,3665,0,1983,2,0,847,0,1276,0,1985,0,2122,0,4433,0,2045,224,0,3480,0,4304,0,2072,3108,0,3670,0,3859,0,4519,0,4672,0,2083,3311,0,2087,3328,0,2162,716,0,1959,0,2328,0,3048,0,3379,0,3441,0,2398,1576,0,1841,0,3026,0,3157,0,2461,2423,0,4252,0,2477,184,0,384,0,846,0,4488,0,2519,2022,0,3348,0,3599,0,2542,2769,0,4101,0,2677,945,0,2963,0,2821,1157,0,3500,0,3116,842,0,2876,0,3276,0,4024,0,4872,0,3140,1056,0,2428,0,3554,0,3142,1180,0,1916,0,2089,0,2708,0,3537,0,3215,2799,0,3458,0,3263,367,0,2465,0,3327,845,0,2141,0,2764,0,3669,0,3860,0,3954,0,3395,2606,0,3652,0,4773,0,3396,570,0,798,0,2455,0,3830,0,3488,145,0,1534,0,3489,0,3549,102,0,1495,0,2813,0,3446,0,3615,0,3601,25,0,640,0,1164,0,1253,0,1454,0,4280,0,3676,3101,0,3756,376,0,1619,0,3062,0,3831,492,0,3898,1278,0,3281,0,4277,0,4329,0,4824,0,4232,395,0,431,0,1609,0,2075,0,2754,0,4303,0,4573,1839,0,4605,3361,0,4636,124,0,193,0,4702,590,0,1049,0,1620,0,3757,0,4826,4818,0,4828,394,0,536,0,1744,0,2221,0,4739,0
28,2,1575,0,1588,0,2199,0,2930,0,3663,0,3708,0,25,1686,0,2258,0,3730,0,4720,0,36,3713,0,3823,0,50,446,0,973,0,2023,0,2587,0,2736,0,4810,0,102,2706,0,4679,0,103,1129,0,1496,0,4455,0,124,545,0,4402,0,134,2140,0,2887,0,145,4133,0,147,158,0,399,0,1992,0,3181,0,4674,0,4736,0,150,3344,0,153,2588,0,2820,0,180,1388,0,184,2969,0,188,727,0,1079,0,1960,0,4574,0,193,4080,0,224,265,0,2164,0,2205,0,266,1249,0,306,4092,0,367,2602,0,2977,0,376,2157,0,394,396,0,395,2856,0,4192,0,397,401,0,4412,0,431,4462,0,470,736,0,479,2849,0,2929,0,3113,0,492,4188,0,4261,0,495,3550,0,536,1384,0,553,1981,0,558,99,0,820,0,2206,0,592,1088,0,3564,0,597,92,0,4704,0,640,1708,0,2913,0,4661,0,677,1198,0,1596,0,2709,0,716,1012,0,750,1698,0,3070,0,798,3183,0,842,1858,0,1990,0,846,2330,0,847,4223,0,865,2608,0,3254,0,3520,0,4509,0,931,3709,0,945,195,0,946,0,1724,0,951,3189,0,1049,122,0,1051,0,1056,1982,0,2002,0,4861,0,1074,2925,0,1153,2212,0,1164,1996,0,3014,0,4360,0,4655,0,1179,4731,0,1180,4328,0,1194,2601,0,3000,0,1223,3167,0,3364,0,1248,2046,0,1251,789,0,1253,972,0,2427,0,1276,800,0,929,0,1278,3245,0,4262,0,4278,0,1293,1292,0,1296,146,0,1523,0,4719,0,1335,557,0,4377,0,1340,1696,0,1968,0,1454,445,0,1385,0,1534,4566,0,4753,0,1569,2243,0,4428,0,1576,2931,0,1609,1626,0,1620,4461,0,1656,220,0,1262,0,1717,1970,0,4050,0,1769,1300,0,4922,0,1839,3381,0,1885,1536,0,1899,1338,0,1910,3616,0,1916,1353,0,1917,0,4675,0,4730,0,1922,2222,0,1971,642,0,1799,0,1893,0,2116,0,3824,0,4472,0,1980,480,0,1502,0,4250,0,4321,0,1983,4718,0,1984,4014,0,2022,883,0,1266,0,2021,0,2045,2600,0,2073,368,0,2075,229,0,347,0,2083,349,0,2087,2003,0,2120,948,0,2122,2095,0,4327,0,2141,225,0,623,0,3205,0,2148,196,0,569,0,2150,1041,0,1522,0,2151,2577,0,4789,0,2221,1304,0,2306,1178,0,2378,1705,0,3141,0,2423,2434,0,2455,928,0,2461,844,0,2491,3848,0,2524,44,0,211,0,2544,610,0,2123,0,3867,0,3899,0,4265,0,4554,0,2567,1321,0,2654,3391,0,2667,2147,0,2708,3,0,2094,0,2764,3672,0,4729,0,2769,2469,0,3533,0,2787,1386,0,2799,52,0,2809,2784,0,2810,469,0,2812,2379,0,2821,3069,0,2876,2762,0,4684,0,2963,2209,0,4624,0,2999,1134,0,3101,2541,0,3108,1595,0,2472,0,3135,2802,0,3142,3406,0,3157,1921,0,3165,3356,0,3187,228,0,3327,645,0,3346,4622,0,3361,456,0,544,0,2575,0,2825,0,3372,4825,0,3395,4260,0,3396,1911,0,3413,4626,0,3430,2711,0,3449,4727,0,3501,3778,0,3554,2763,0,3652,3265,0,3426,0,4102,0,3665,2488,0,2514,0,3670,3380,0,3676,3782,0,3699,346,0,3801,2016,0,3860,499,0,3920,2114,0,3981,1207,0,4087,1383,0,4101,1298,0,1548,0,3563,0,4232,1130,0,4277,731,0,4303,121,0,4591,560,0,3617,0,4818,4211,0
29,3,788,0,1914,0,2914,0,3374,0,4021,0,25,989,0,4623,0,44,4879,0,121,4193,0,150,2121,0,158,430,0,280,279,0,346,3312,0,349,2624,0,368,491,0,850,0,1743,0,376,751,0,456,1077,0,1101,0,2325,0,4294,0,492,812,0,536,538,0,544,810,0,1954,0,3114,0,3145,0,3775,0,4081,0,4186,0,569,4342,0,4627,0,4660,0,4842,0,610,559,0,3777,0,3953,0,4364,0,642,2241,0,738,2512,0,789,2733,0,3049,0,798,3629,0,842,4707,0,846,3671,0,865,1987,0,1999,0,3435,0,3753,0,4525,0,973,3442,0,1011,4331,0,1154,680,0,1157,1593,0,1298,1375,0,1300,1299,0,1385,679,0,1496,2952,0,1502,1162,0,3604,0,3803,0,1536,318,4599,383,4730,809,0,1535,0,2200,0,2414,0,3099,0,3228,0,3508,0,1569,4434,0,1609,4703,0,1635,4094,0,1686,319,0,813,0,864,0,2478,0,2826,0,3900,0,3984,0,4576,0,1893,826,0,835,0,2294,0,4863,0,1960,189,0,3136,0,4452,0,1971,2115,0,2416,0,3266,0,3302,0,1996,2572,0,2623,0,3034,0,2002,2351,0,2094,3370,0,2095,3313,0,2123,1175,0,1997,0,2147,3332,0,2222,252,0,2220,0,2258,1958,0,2807,0,2378,4209,0,2434,2431,0,2488,1173,0,1782,0,3175,0,3409,0,2514,869,0,4104,0,4190,0,4923,0,2544,1429,0,2508,0,3239,0,2575,1689,0,2001,0,2352,0,3227,0,4856,0,4858,0,2608,2372,0,2399,0,3534,0,2825,1690,0,2727,0,3014,1017,0,1228,0,3058,0,3433,0,4809,0,3254,1097,0,3061,0,3520,742,0,2084,0,3701,0,3625,226,0,3665,2324,0,4550,0,4763,0,3672,54,0,3730,337,0,348,0,3867,2772,0,3899,1546,0,2257,0,2734,0,3521,0,4656,0,4664,0,4236,728,0,4327,4562,0,4472,2496,0,3226,0,4509,3297,0,4237,0,4554,438,0,3404,0,4473,0,4655,4686,0,4720,84,0,305,0,4408,0
30,3,681,0,3011,0,3272,0,3858,0,4529,0,25,1168,0,3291,0,3459,0,3952,0,84,138,0,326,0,3985,0,4435,0,124,3846,0,189,2559,0,2959,0,252,4743,0,305,1,0,537,0,726,0,2525,0,4820,0,318,208,0,4437,0,319,1174,0,1726,0,1838,0,337,1455,0,2295,0,2653,0,348,1503,0,383,2099,0,438,2513,0,2550,0,3117,0,456,4354,0,469,2964,0,491,109,0,185,0,1170,0,538,2979,0,3947,0,4670,0,4733,0,544,1991,0,4909,0,557,561,0,569,28,0,641,0,1682,0,2622,0,742,2494,0,3436,0,788,3941,0,809,451,0,1038,0,810,3600,0,813,2049,0,826,709,0,1771,0,3806,0,835,1553,0,4301,0,4374,0,4646,0,850,3270,0,4249,0,865,975,0,1605,0,2532,0,2760,0,4811,0,869,582,0,871,0,3410,0,929,2283,0,989,2266,0,1097,639,0,808,0,4196,0,4599,0,1101,1252,0,3627,0,1157,1159,0,1173,3519,0,1175,339,0,712,0,1875,0,1535,4580,0,1546,2098,0,3507,0,1690,2703,0,1743,356,0,4821,0,1893,1979,0,1922,1923,0,1954,1797,0,1958,1554,0,1847,0,2652,0,1970,1972,0,1971,1543,0,1969,0,3460,0,1987,304,0,1087,0,3857,0,1996,3360,0,1999,1100,0,1290,0,1555,0,2518,0,3131,0,4588,0,2001,213,0,4387,0,2084,891,0,2093,0,2113,0,2123,2213,0,2702,0,3752,0,2162,2163,0,2200,1783,0,4505,0,2220,120,0,2222,340,0,2238,0,2241,1376,0,2257,1840,0,2294,354,0,4370,0,2324,2710,0,3236,0,2351,4136,0,4353,0,2372,1342,0,2080,0,2399,3341,0,3716,0,2414,660,0,1934,0,3737,0,2514,2014,0,2541,4130,0,2572,212,0,2575,3290,0,2608,187,0,1695,0,2734,4625,0,2772,3143,0,2825,357,0,2826,3922,0,2914,1254,0,1545,0,1646,0,3429,0,3746,0,3061,65,0,713,0,912,0,3099,3728,0,3136,2051,0,3145,4467,0,3175,4829,0,3226,3468,0,3228,625,0,1201,0,3254,551,0,1563,0,1568,0,1821,0,3160,0,4339,0,3266,3031,0,3297,2074,0,4305,0,3361,4213,0,3374,851,0,1467,0,3350,0,3700,0,4235,0,3406,3405,0,3433,3432,0,3435,1354,0,1634,0,3520,312,0,345,0,2102,0,3382,0,3606,0,3624,0,3698,0,4012,0,4031,0,3534,2343,0,2982,0,3829,0,3604,2340,0,3665,546,0,3729,0,4454,0,3701,3357,0,4217,0,3730,440,0,3775,3776,0,4021,2105,0,3137,0,4663,0,4094,882,4718,1234,0,2960,0,4091,0,4104,4737,0,4186,4910,0,4265,4093,0,4426,0,4408,3144,0,4525,1133,0,1419,0,4627,82,0,1107,0,1297,0,1549,0,4655,4371,0,4656,814,0,4660,4028,0,4155,0,4686,110,0,4729,4569,0,4842,1055,0,3080,0,3347,0,3901,0,4858,369,0
