1
2
3
4
5
6
7
8
9,1735,1737,0
10
11
12
13,1737,2492,0
14
15
16
17
18,2492,2493,0
19,2493,1898,0
20,2493,4645,0
21,1898,1920,0,4457,0,4645,513,0,1150,0,3631,0
22,513,32,0,4816,0,1150,2539,0,1898,4129,0,1920,522,0,3242,0,3557,0,2492,4471,0,2493,981,0,4316,0,3631,1412,0,1833,0,4457,1273,0,4645,3289,0
23,32,3439,0,513,512,0,2965,0,1150,1151,0,2739,0,4764,0,1273,1222,0,1920,1748,0,3289,2396,0,3557,3855,0,3631,575,0
24,32,983,0,522,1267,0,1151,3302,0,1222,2947,0,1412,827,0,4506,0,1920,982,0,2493,4469,0,3439,1230,0,2039,0,3855,1382,0,3052,0,4129,4466,0
25,32,2770,0,512,20,0,648,0,1197,0,1483,0,4662,0,982,2397,0,983,2139,0,1151,91,0,1315,0,1267,3889,0,3991,0,1382,1515,0,2996,0,1833,1832,0,1898,1611,0,2493,3630,0,3302,1345,0,3439,227,0,3631,1430,0,3855,4284,0,4129,3667,0
26,20,4030,0,32,1736,0,1868,0,2299,0,648,4446,0,982,3851,0,1345,900,0,1382,1516,0,1412,4258,0,1748,2474,0,2039,2774,0,2397,3988,0,2493,388,0,2739,1747,0,2770,489,0,2528,0,3242,1639,0,3289,3066,0,3439,2055,0
27,91,2896,0,4238,0,388,3244,0,648,63,0,694,0,1867,0,1151,493,0,3996,0,1345,732,0,1382,1826,0,1868,3938,0,1920,932,0,2039,1674,0,4568,0,2397,3926,0,2474,1645,0,2528,2527,0,3880,0,2770,3544,0,2774,2957,0,4030,4889,0,4446,587,0
28,32,1042,0,91,92,0,227,687,0,388,389,0,390,0,489,718,0,587,4876,0,1151,853,0,1197,3204,0,4076,0,1230,1231,0,1345,3294,0,2527,2781,0,2774,2775,0,4016,0,2896,2472,0,2756,0,3242,4465,0,4030,4528,0,4238,1830,0,3582,0,4316,90,0,4457,4458,0,4568,1082,0,4764,2598,0
29,92,1384,0,2162,0,2600,0,3140,0,388,2475,0,732,4669,0,983,3342,0,1151,1971,0,4127,0,1197,517,0,2139,2041,0,2472,2083,0,2796,0,3070,0,4433,0,2539,2172,0,2770,591,0,2775,1348,0,3294,4195,0,3851,3854,0,3855,3852,0,3926,4060,0,4030,3131,0,4076,1371,0,4238,3378,0,4284,4283,0,4662,297,0
30,91,4286,0,92,557,0,1249,0,1567,0,3215,0,4412,0,297,825,0,388,3595,0,489,1394,0,587,1909,0,3909,0,687,16,0,4343,0,1267,1424,0,1345,1378,0,2020,0,1384,146,0,394,0,1680,0,1839,0,4087,0,1971,348,0,546,0,582,0,1162,0,2200,0,2477,0,2550,0,3181,0,3404,0,4576,0,4856,0,2083,545,0,560,0,3427,0,4132,0,4674,0,4736,0,2162,306,0,789,0,948,0,2667,0,3156,0,2475,481,0,721,0,2600,1922,0,4574,0,2774,585,0,3994,0,2796,743,0,1530,0,2896,1044,0,2197,0,2957,1866,0,3070,2089,0,2654,0,3859,0,3131,1016,0,1105,0,1202,0,1400,0,1427,0,1549,0,2399,0,3376,0,3864,0,4021,0,3140,188,0,2876,0,3048,0,3582,4362,0,4030,4108,0,4196,0,4127,179,0,1627,0,4238,1208,0,4433,845,0,2072,0,2140,0,2491,0,2802,0,3391,0,4402,0
