1
2,31756,41739,1
3
4
5
6
7
8,31756,8872,1
9,8872,40764,1
10,8872,14303,1,31756,17788,0,39210,2
11,39210,28863,2
12,14303,41886,2
13,41886,27442,2
14,17788,18008,1
15,18008,14901,1,11011,2,39210,22862,2
16,11011,49321,2,18008,30227,1,2986,1,28863,36939,1,39210,30760,1
17
18,14303,44665,1,36939,11538,1
19,14303,34326,1
20,18008,18553,1,39210,23787,1
21,18008,1130,1,23787,17593,1,49321,10203,0
22,18008,48419,1
23,30227,40575,1
24,17593,13585,1,41660,1,18553,8960,1,48419,10984,1
25,17593,47378,1,18553,19281,1,30227,19568,1,27656,2,41886,8468,1
26,18008,43628,1,18553,47248,1,40575,17727,1
27,22862,31032,1,38693,2
28,43628,49281,2,47248,35446,0
29,30227,31661,1,48419,18746,1,29379,2
30,17593,49366,1,30227,3672,1,31661,25989,2,48419,19515,2,49281,46717,1
