1,
2,
3,12752,32853,-1,47434,-1,

4,12752,40721,-1,45248,-1,

5,12752,30174,-1,28719,-1,23750,-1,

6,
7,
8,12752,19216,-1,22789,-1,

9,47434,42812,-1,

10,12752,25631,-1,

11,12752,35984,-1,
32853,8484,-1,
47434,46263,-1,

12,32853,42391,-1,

13,12752,18015,-1,3854,-1,
32853,14004,-1,
47434,26378,-1,31748,-1,

14,19216,30389,-1,
47434,29454,-1,

15,12752,264,-1,22460,-1,
40721,42439,-1,

16,
17,30174,31758,-1,
42812,45087,-1,

18,
19,30174,36447,-1,

20,
21,
22,35984,8910,-1,

23,
24,264,47946,-1,25032,-1,13093,2,

25,264,6964,-1,
22789,3770,2,

26,
27,
28,
29,264,3278,-1,

30,264,15486,-1,
35984,16538,-1,

