1
2
3
4
5
6
7
8
9
10
11,4372,94,0
12,4372,124,0
13,94,2518,0,124,44,0,225,0,1088,0,2753,0,2766,0,4372,4373,0
14,44,1276,0,1534,0,2977,0,4277,0,124,1298,0,2199,0,2455,0,2810,0,3205,0,4879,0,225,1717,0,3981,0,4250,0,4328,0,1088,376,0,569,0,1620,0,2473,0,2708,0,4261,0,2518,65,0,988,0,1846,0,2753,951,0,3801,0,4372,4658,0
15,44,1153,0,2212,0,3181,0,3245,0,3430,0,65,556,0,1170,0,1544,0,2048,0,2372,0,2494,0,3700,0,124,2602,0,2624,0,3669,0,225,1049,0,1180,0,3183,0,3859,0,376,480,0,1985,0,4223,0,4730,0,569,211,0,993,0,1300,0,2461,0,2464,0,3357,0,3533,0,3652,0,3699,0,4660,0,951,570,0,750,0,1536,0,3563,0,988,808,0,1821,0,3350,0,3534,0,4842,0,1088,134,0,479,0,1276,677,0,800,0,3327,0,3391,0,1298,3427,0,4773,0,1534,1375,0,2606,0,4321,0,1620,2786,0,1717,1596,0,1992,0,1846,1675,0,2532,0,2979,0,4196,0,4339,0,4663,0,2199,1910,0,2122,0,2455,798,0,3537,0,2473,2709,0,2518,537,0,1200,0,1646,0,2765,0,4822,0,2708,349,0,812,0,2083,0,2753,623,0,3676,0,4591,0,2810,1769,0,2120,0,2977,4102,0,3205,1970,0,1971,0,2809,0,3113,0,3380,0,4327,0,3801,731,0,1198,0,1548,0,2426,0,3313,0,4278,0,3981,346,0,2802,0,3311,0,4702,0,4250,2524,0,4277,2929,0,4328,2114,0,2769,0,4879,368,0,1178,0,4132,0
16,44,126,0,2330,0,3108,0,4729,0,65,518,0,1202,0,1234,0,1999,0,2622,0,3724,0,4437,0,124,3848,0,4675,0,134,1595,0,4672,0,211,3265,0,3954,0,225,2764,0,3823,0,346,2469,0,4752,0,349,1980,0,3670,0,3756,0,368,184,0,326,0,357,0,736,0,1914,0,4402,0,4737,0,376,645,0,480,846,0,928,0,537,1106,0,2051,0,2093,0,556,28,0,311,0,1568,0,3429,0,3436,0,4032,0,569,1026,0,1549,0,1605,0,2540,0,2969,0,3160,0,3708,0,4820,0,570,1074,0,623,469,0,929,0,1278,0,2141,0,2148,0,677,4824,0,731,560,0,2073,0,2094,0,750,4080,0,4188,0,798,4260,0,4566,0,808,3,0,2399,0,3858,0,4525,0,812,122,0,2787,0,4101,0,988,192,0,455,0,793,0,1097,0,3061,0,993,1342,0,1366,0,2525,0,3698,0,1049,1340,0,3062,0,4050,0,1153,1353,0,3629,0,1170,319,0,1767,0,2683,0,3175,0,3272,0,3402,0,3750,0,1178,196,0,1696,0,1180,1588,0,3564,0,1198,36,0,751,0,2072,0,3831,0,4519,0,1200,3870,0,1276,2021,0,1300,2306,0,1375,470,0,1534,3616,0,3824,0,1536,590,4922,3775,0,4305,0,4857,0,1544,609,0,2462,0,4309,0,1548,226,0,1596,193,0,3830,0,4461,0,1646,1467,0,4155,0,1675,660,0,1717,847,0,1885,0,2541,0,2654,0,1821,861,0,3060,0,3180,0,1846,681,0,1489,0,1847,0,1910,2491,0,1971,456,0,1179,0,2294,0,4370,0,4856,0,1985,1575,0,2048,1100,0,1107,0,3716,0,2120,265,0,1626,0,2147,0,2477,0,3026,0,3040,0,4192,0,4428,0,4707,0,2122,384,0,2711,0,3312,0,2199,545,0,3281,0,4262,0,2212,3967,0,2372,359,0,3643,0,4696,0,2461,4753,0,2464,1055,0,1693,0,2104,0,2523,0,3827,0,4154,0,2473,2116,0,2140,0,3142,0,3625,0,3663,0,2494,208,0,2105,0,2524,2095,0,2532,82,0,726,0,1105,0,2100,0,2585,0,3376,0,3621,0,2606,553,0,1911,0,1983,0,2624,2423,0,4133,0,2708,1916,0,3263,0,4252,0,4636,0,4731,0,2753,592,0,2765,1016,0,1287,0,3347,0,4021,0,4827,0,2769,2887,0,3189,0,2809,2016,0,2930,0,3396,0,2977,2,0,3183,1386,0,2089,0,3617,0,3860,0,3205,499,0,1207,0,3313,145,0,3350,433,0,4880,0,3357,305,0,1451,0,4025,0,3391,2465,0,3427,820,0,1249,0,1635,0,3156,0,3713,0,4455,0,3430,3433,0,3534,355,0,2760,0,3277,0,4586,0,3669,3782,0,3700,3945,0,4102,1619,0,3101,0,4196,2599,0,3270,0,3520,0,3944,0,4235,0,4223,2542,0,4278,3920,0,4327,4329,0,4328,1698,0,4339,1929,0,2682,0,4660,160,0,759,0,2080,0,2466,0,4663,891,0,3080,0,3701,0,4822,1901,0,4842,1169,0,1881,0,2027,0,3096,0
17,3,1131,0,3814,0,28,742,0,788,0,912,0,3254,0,44,845,0,82,1563,0,2146,0,3791,0,122,4488,0,134,492,0,160,312,0,851,0,942,0,192,318,0,2084,0,4033,0,193,3135,0,208,1329,0,1426,0,1545,0,3901,0,265,2150,0,3215,0,4826,0,305,810,0,882,0,1555,0,1893,0,3953,0,311,567,0,1490,0,319,109,0,3468,0,3900,0,3922,0,4505,0,4863,0,4923,0,326,212,0,1017,0,1958,0,4400,0,4473,0,346,3426,0,3671,0,355,2942,0,4108,0,357,3143,0,3239,0,3519,0,359,1400,0,1594,0,3619,0,4832,0,368,813,0,1981,0,3752,0,433,1617,0,455,625,0,1354,0,456,3034,0,4354,0,470,3395,0,480,367,0,518,4012,0,4733,0,609,737,0,3341,0,623,2784,0,645,3406,0,660,2914,0,4634,0,681,187,0,2112,0,4028,0,726,811,0,1963,0,731,2157,0,736,844,0,759,711,0,1427,0,3874,0,4031,0,793,2163,0,3977,0,800,1968,0,820,865,0,1223,0,1982,0,2856,0,3413,0,3446,0,4024,0,861,1133,0,3817,0,891,1419,0,2113,0,929,716,0,994,0,1263,0,1705,0,2913,0,4922,0,951,950,0,3070,0,988,2414,0,3941,0,4090,0,993,2098,0,1016,2418,0,1026,303,0,3435,0,1049,2925,0,1055,190,0,1132,0,1097,498,0,2327,0,2373,0,1105,1290,0,3864,0,1106,3624,0,1107,3586,0,4526,0,1170,84,0,1086,0,2102,0,3274,0,3606,0,1178,4433,0,1200,1634,0,2960,0,1202,473,0,1207,1208,0,1234,2982,0,1249,397,0,1262,0,1593,0,1839,0,3361,0,1298,3672,0,4736,0,1300,3898,0,1366,2517,0,1467,2608,0,4610,0,1489,4811,0,1549,1790,0,3374,0,3927,0,1568,1934,0,1596,3488,0,1626,2221,0,3140,0,4703,0,1635,1253,0,2799,0,3442,0,3877,0,4013,0,1769,2849,0,1821,639,0,2145,0,4924,0,1847,2325,0,2513,0,3409,0,3806,0,1901,1679,0,1970,4674,0,1980,3297,0,1983,679,0,3344,0,4605,0,2048,1288,0,2051,1038,0,2825,0,2072,3706,0,2080,1201,0,4520,0,2100,4627,0,2105,551,0,2120,1744,0,3187,0,3987,0,2147,188,0,862,0,2733,0,3346,0,3379,0,2294,559,0,642,0,869,0,1553,0,1996,0,2257,0,3144,0,3753,0,4576,0,2462,4342,0,4670,0,2464,1538,0,2477,2472,0,2525,3228,0,2532,3131,0,2540,1,0,4529,0,2585,4587,0,2683,3137,0,2709,147,0,3026,431,0,3069,0,3040,973,0,1130,0,1522,0,2378,0,2850,0,3061,1491,0,3080,850,0,975,0,1254,0,3156,536,0,640,0,3048,0,3175,3058,0,3176,0,4294,0,4821,0,3180,641,0,3183,1387,0,3272,538,0,3273,0,3376,2343,0,3427,2164,0,3441,0,4087,0,4789,0,3433,110,0,712,0,1077,0,2049,0,2115,0,3507,0,4364,0,3436,4599,0,3534,902,0,2661,0,3563,4765,0,3643,1900,0,3700,3947,0,3716,1695,0,3829,0,3750,1825,0,3382,0,4732,0,3775,1726,0,2266,0,4454,0,3858,1297,0,3870,4094,0,3944,1163,0,4032,285,0,4192,4818,0,4305,348,0,369,0,989,0,1797,0,4623,0,4339,4138,0,4370,1087,0,1470,0,3867,0,4136,0,4265,0,4402,3757,0,4428,945,0,1388,0,2002,0,3449,0,4092,0,4455,1724,0,2151,0,3348,0,4660,733,0,4696,2889,0,4707,495,0,597,0,1292,0,2428,0,3167,0,4737,383,0,582,0,3985,0,4857,890,0
18,3,4588,0,84,1173,0,1987,0,2508,0,109,1376,0,2200,0,4353,0,110,340,0,1162,0,1972,0,4910,0,124,1599,0,147,3501,0,4375,0,187,3707,0,265,401,0,1304,0,2046,0,2577,0,2600,0,2754,0,3049,0,285,678,0,305,3114,0,3665,0,311,4249,0,319,2352,0,2959,0,4554,0,326,1455,0,2074,0,2099,0,4509,0,4655,0,348,252,0,1535,0,357,826,0,2559,0,359,345,0,368,2123,0,4190,0,4452,0,369,1502,0,2710,0,2772,0,3627,0,3777,0,383,2575,0,3857,0,4093,0,397,1892,0,4574,0,431,2587,0,3414,0,456,1783,0,495,2290,0,2377,0,4280,0,4825,0,536,1321,0,3778,0,559,2213,0,4472,0,582,4829,0,597,1577,0,2209,0,4462,0,640,445,0,1959,0,2736,0,2946,0,642,491,0,2241,0,660,3746,0,679,2763,0,2821,0,712,2001,0,2807,0,4360,0,716,1988,0,2773,0,3599,0,4573,0,751,446,0,759,3737,0,810,304,0,451,0,1101,0,820,150,0,557,0,1576,0,2045,0,3328,0,862,2813,0,865,3815,0,4704,0,869,1686,0,2653,0,2702,0,3136,0,4408,0,891,713,0,928,930,0,945,842,0,4622,0,973,4236,0,4727,0,989,1164,0,1174,0,3290,0,3728,0,3729,0,994,1079,0,1134,0,2427,0,1038,213,0,1875,0,2727,0,4435,0,1074,3986,0,1077,185,0,4104,0,1097,4340,0,1106,1682,0,1130,1012,0,1170,1543,0,3291,0,1223,50,0,1567,0,2206,0,3358,0,1249,2567,0,1253,2087,0,2812,0,4828,0,1262,3554,0,1263,2876,0,1287,1676,0,1292,1905,0,2023,0,2601,0,3871,0,1388,399,0,1293,0,1470,2514,0,1538,332,0,1553,4720,0,1593,1248,0,1626,266,0,2820,0,1635,727,0,1011,0,1454,0,2162,0,1705,1157,0,1655,0,1918,0,2667,0,4624,0,1724,121,0,1858,0,1726,3404,0,1744,180,0,430,0,1496,0,1797,3899,0,4426,0,1839,195,0,1840,0,3157,0,1885,1884,0,1893,546,0,2544,0,4374,0,1958,3117,0,4371,0,1970,1969,0,1982,158,0,2512,0,3381,0,1983,1990,0,2379,0,2659,0,4211,0,1996,544,0,2002,229,0,864,0,4237,0,2049,120,0,1546,0,2072,3417,0,2098,809,0,3266,0,2120,216,0,4661,0,2147,1251,0,2150,738,0,1922,0,3141,0,4626,0,2151,102,0,2999,0,2221,4872,0,2257,337,0,2266,3601,0,2378,2075,0,2428,394,0,2599,2603,0,2733,1609,0,2324,0,4193,0,2825,339,0,1960,0,2488,0,2850,1385,0,2856,1194,0,3332,0,3034,3099,0,4081,0,3040,3480,0,3048,4096,0,4434,0,3069,972,0,3071,0,3550,0,3144,4763,0,3156,395,0,3615,0,4377,0,3175,189,0,3176,2323,0,3239,2496,0,3297,1175,0,2351,0,3360,0,3344,4304,0,3346,1056,0,3348,3458,0,4232,0,3361,153,0,3409,2550,0,3413,1708,0,2677,0,3364,0,3500,0,4303,0,3427,1984,0,3433,2238,0,2478,0,2703,0,3441,948,0,1495,0,3442,47,0,4739,0,3446,2519,0,4718,0,3468,3014,0,3507,3460,0,3519,354,0,2623,0,3752,4550,0,3753,3803,0,3775,438,0,1252,0,1954,0,2572,0,4580,0,3806,4301,0,3867,2222,0,2652,0,3508,0,3877,1919,0,3900,4646,0,4858,0,3922,1429,0,3953,1690,0,4743,0,3987,103,0,1335,0,4679,0,4013,1154,0,4024,1384,0,4087,99,0,3774,0,4092,931,0,1338,0,4094,146,3877,356,4196,1979,0,4809,0,4192,1523,0,1656,0,4278,4279,0,4294,1771,0,2734,0,4309,4308,0,4400,3459,0,4454,3730,0,4576,1743,0,2728,0,4636,4635,0,4703,224,0,4826,306,0,1680,0
19,50,4014,0,84,138,0,99,92,0,102,1041,0,1899,0,3000,0,120,3410,0,146,1569,0,1841,0,4861,0,153,1921,0,158,52,0,2328,0,180,3165,0,185,4387,0,188,1296,0,195,3709,0,213,4909,0,224,789,0,2762,0,229,2706,0,252,25,0,266,1040,0,304,610,0,1689,0,306,2003,0,319,1997,0,326,3227,0,3600,0,339,2220,0,340,1991,0,356,2826,0,395,3356,0,397,2931,0,399,3549,0,4719,0,430,2401,0,431,2243,0,4577,0,4684,0,438,1228,0,451,2340,0,455,457,0,456,1168,0,3226,0,469,2254,0,809,835,0,820,821,0,3276,0,842,2022,0,862,1129,0,865,347,4743,883,0,869,3604,0,931,3425,0,972,3368,0,1011,3650,0,1016,1015,0,1038,2014,0,1134,1266,0,1157,558,0,1194,4412,0,1248,2205,0,1251,2588,0,1335,1383,0,1376,4664,0,1470,3521,0,1496,2704,0,1543,1542,0,1546,1838,0,1548,1551,0,1599,3846,0,1626,3372,0,1686,1687,0,2258,0,1918,765,0,1919,728,0,1960,3316,0,1979,4686,0,2023,2963,0,2045,2398,0,3116,0,2222,3481,0,2290,2289,0,2324,3984,0,2325,2326,0,2472,4594,0,2519,2121,0,2623,3236,0,2702,1782,0,3048,4666,0,3117,2295,0,3143,3145,0,3361,4213,0,3364,3365,0,3414,3797,0,3433,3432,0,3441,3439,0,3460,957,0,3468,2416,0,3729,4186,0,3752,2353,0,3803,4625,0,3944,3225,0,4096,4810,0,4190,4191,0,4327,2774,0,4371,3031,0,4576,1554,0,4743,1503,0,4763,4656,0,4856,3952,0
20,50,51,0,84,440,0,99,680,0,109,709,0,216,130,0,1070,0,383,382,0,625,624,0,765,4531,0,890,4514,0,4691,0,1553,779,0,1563,1562,0,1656,280,0,1744,1746,0,1934,1932,0,2105,3310,0,2112,2111,0,2206,95,0,2328,2329,0,2427,2429,0,2472,2160,0,2796,0,2733,2735,0,2772,2771,0,2774,2041,0,2913,2912,0,3225,363,0,3368,3369,0,3432,952,0,3964,0,3439,16,0,3458,228,0,3627,3628,0,3706,4853,0,3803,1585,0,4014,142,0,4213,4214,0,4262,4264,0,4454,4451,0,4594,2896,0,4765,4766,0
21,109,4403,0,280,3133,0,469,1664,0,480,481,0,680,4219,0,1130,116,0,1234,1235,0,1426,1428,0,1553,3473,0,1585,1587,0,1969,2644,0,2095,2096,0,2222,283,0,4728,0,2290,2292,0,2401,2400,0,2706,2707,0,2774,517,0,2896,732,0,3000,3462,0,3101,3100,0,3145,814,0,3404,3407,0,3406,3405,0,3432,2020,0,4669,0,3458,3456,0,3481,2223,0,3701,4877,0,3964,2756,0,4327,946,0,4520,4521,0,4594,3255,0
22,16,2528,0,82,80,0,431,429,0,814,1048,0,930,4735,0,952,2185,0,1523,4803,0,1599,2479,0,4800,0,2020,1530,0,2041,1371,0,2098,1172,0,2151,14,0,2160,906,0,2472,4920,0,2644,2646,0,2704,2705,0,2756,2505,0,2796,296,0,4238,0,4362,0,3344,3343,0,3405,4477,0,3409,739,0,3414,4122,0,3439,512,0,3440,0,3458,3457,0,3554,3553,0,3601,3602,0,3752,3754,0,4279,2202,0,4364,4363,0,4669,4127,0,4719,3963,0,4743,4745,0
23,52,585,0,130,219,0,296,2197,0,312,2500,0,481,1434,0,517,2055,0,865,3184,0,1371,1734,0,4446,0,2041,32,0,4076,0,2160,2990,0,2185,1062,0,2258,4242,0,2733,178,0,2756,4286,0,2774,2039,0,2796,3505,0,4545,0,3236,163,0,3439,694,0,3823,2485,0,4014,2738,0,4136,4139,0,4264,4689,0,4327,2117,0,4636,4633,0,4696,4697,0,4728,796,0,4877,3523,0,4920,1044,0
24,16,2299,0,52,1995,0,219,218,0,431,432,0,512,1868,0,694,3342,0,732,1045,0,1044,1378,0,1062,953,0,1132,3712,0,1548,1550,0,1562,1654,0,1587,875,0,2020,3302,0,2055,591,0,2093,2091,0,2197,91,0,2202,4638,0,2416,2417,0,2738,2739,0,3255,1151,0,1624,0,3405,268,0,3417,3416,0,3442,81,0,3505,900,0,3624,3623,0,3752,3755,0,4127,3223,0,4363,4176,0,4403,4404,0,4446,4528,0,4477,3517,0,4709,0,4526,4527,0,4545,3378,0,3494,0,4594,3919,0,4633,549,0,4800,4561,0,4799,0,4920,3345,0
25,32,3204,0,80,4228,0,91,1315,0,95,1776,0,283,4450,0,399,400,0,517,687,0,1736,0,4343,0,694,1483,0,844,1213,0,906,1950,0,1045,4855,0,1105,1108,0,1562,1702,0,1599,1600,0,1624,896,0,1868,4582,0,2041,4568,0,2160,853,0,2158,0,2299,3909,0,2417,3861,0,2774,947,0,1394,0,2896,179,0,3302,493,0,3439,297,0,3456,689,0,3494,2242,0,3755,1326,0,4076,587,0,4869,0,4446,825,0,1231,0,4528,3891,0,4633,552,0,4638,1121,0,4709,3076,0,4737,4738,0,4803,3784,0,4863,4862,0
26,16,15,0,2770,0,178,380,0,218,217,0,268,269,0,4921,0,549,692,0,775,0,552,4698,0,587,1909,0,3847,0,896,46,0,1345,0,946,1348,0,947,792,0,1231,513,0,1315,4195,0,1434,235,0,1483,1482,0,1585,1598,0,1599,2569,0,1702,3589,0,2098,1732,0,2099,2101,0,2145,2304,0,2202,321,0,2485,4764,0,2652,2861,0,2705,4708,0,2733,720,0,2771,4378,0,3255,3721,0,3712,63,0,3891,227,0,4446,1867,0,4528,2139,0,4633,754,0,4638,2421,0,4691,892,0,4800,4350,0,4920,743,0
27,280,279,0,297,718,0,517,514,0,549,436,0,684,0,552,1060,0,692,3895,0,754,133,0,779,2077,0,972,2064,0,1121,1723,0,1151,1150,0,1213,3683,0,1434,721,0,1483,3938,0,1585,13,0,1734,1737,0,1950,1459,0,2151,3742,0,2304,1671,0,2770,489,0,2957,0,3416,2698,0,3589,1414,0,3601,2834,0,3847,2252,0,3861,2811,0,3919,1218,0,4521,276,0,4638,1099,0,4698,1309,0,4764,1430,0
28,46,3527,0,133,1073,0,436,1474,0,517,1780,0,549,4001,0,687,1674,0,2530,0,689,690,0,692,2076,0,775,819,0,850,2443,0,906,4890,0,1060,405,0,1150,2996,0,1151,4779,0,1213,1311,0,1309,2543,0,1430,1412,0,1736,1978,0,1905,87,0,1909,3544,0,1992,1989,0,2242,2240,0,2353,790,0,2569,1597,0,3031,4120,0,3133,220,0,3245,3244,0,3365,4644,0,3395,2232,0,3755,2480,0,4076,1197,0,4308,4307,0,4568,3880,0,4638,780,0,4698,3758,0,4764,982,0,1611,0
29,46,2047,0,133,1795,0,216,2092,0,235,2614,0,283,1683,0,552,3835,0,684,3512,0,687,4662,0,692,693,0,4894,0,780,4640,0,900,2337,0,982,1748,0,1826,0,1150,1515,0,1311,1312,0,1313,0,1474,1149,0,1611,1424,0,1655,1657,0,1723,2339,0,1736,2529,0,1905,829,0,2185,230,0,2378,129,0,2572,2573,0,2739,3052,0,2957,4016,0,2996,1920,0,3204,3202,0,3623,2188,0,3914,0,4369,0,3712,1975,0,3938,586,0,4001,406,0,4913,0,4122,3798,0,4196,4030,0,4638,3036,0,4698,1561,0,4764,4469,0,4816,0,4799,4798,0
30,63,2420,0,80,832,0,87,86,0,160,159,0,219,1359,0,405,4699,0,549,3666,0,684,2475,0,982,1645,0,4316,0,1040,1539,0,1149,162,0,1151,1830,0,1414,1417,0,1424,2396,0,1561,2436,0,4495,0,1671,1699,0,1736,2272,0,1767,1766,0,1795,3686,0,1867,1082,0,1920,1516,0,1969,372,0,2157,2156,0,2159,0,2232,3451,0,2323,2430,0,2421,3260,0,2500,4551,0,2774,1358,0,2834,2082,0,3052,2539,0,3136,3139,0,3378,1816,0,3512,1874,0,3683,2393,0,3835,3837,0,4638,4276,0
