1,
2,
3,
4,
5,45456,41735,2,

6,45456,34247,2,

7,
8,
9,
10,
11,
12,
13,34247,3944,-1,48957,-1,9731,-1,

14,34247,10994,-1,21162,-1,46192,-1,
41735,4119,1,

15,
16,
17,
18,
19,45456,13098,1,

20,
21,46192,34730,-1,

22,
23,46192,38087,-1,

24,
25,21162,24883,-1,
48957,39437,-1,

26,21162,26937,-1,
48957,30067,-1,30610,-1,48345,-1,

27,3944,14020,-1,
48957,12580,-1,

28,10994,18037,-1,
21162,27289,-1,
46192,3181,-1,
48957,11291,-1,17285,-1,13438,-1,37338,-1,

29,3944,35799,-1,11025,-1,
10994,47961,-1,22111,-1,

30,10994,35289,-1,46319,-1,26825,-1,

