1,
2,
3,
4,30610,27455,-1,

5,30610,39437,-1,34730,-1,

6,30610,1541,-1,

7,
8,30610,12464,-1,

9,
10,
11,
12,1541,350,-1,
30610,8708,2,

13,30610,21162,-1,27289,-1,

14,1541,6482,-1,48345,-1,

15,1541,33930,1,

16,
17,34730,35721,2,

18,12464,38271,-1,933,1,

19,
20,8708,8514,1,
12464,11291,-1,14020,-1,

21,33930,43694,1,

22,12464,3181,-1,

23,27289,2956,2,

24,
25,11291,12580,-1,
38271,20027,-1,25890,0,

26,38271,38087,-1,

27,12464,15777,-1,
21162,45152,-1,24290,0,
27289,13438,-1,
38271,15198,-1,

28,11291,39923,-1,

29,
30,
