1,18114,9436,-1,15486,-1,

2,18114,40721,-1,

3,
4,18114,17357,-1,

5,18114,46263,-1,

6,18114,29834,-1,

7,18114,11220,-1,

8,18114,8419,-1,20515,-1,49860,-1,41244,-1,32853,-1,264,-1,28719,-1,

9,18114,14247,-1,

10,18114,30475,-1,

11,17357,43787,-1,36447,-1,

12,17357,45087,-1,
18114,3854,-1,
40721,22460,-1,6964,-1,

13,40721,15373,-1,

14,14247,37753,-1,
18114,33160,-1,21996,-1,
40721,42391,-1,

15,264,47946,-1,8910,-1,
9436,6422,-1,
28719,25631,-1,

16,264,37334,-1,
9436,22789,-1,

17,8419,11789,2,
9436,42439,-1,

18,8419,42275,-1,
29834,29454,-1,

19,8419,14004,-1,23750,-1,
41244,27904,-1,47434,-1,43617,2,

20,30475,45248,-1,
47946,19216,-1,

21,30475,26378,-1,
49860,43941,-1,

22,29834,18015,-1,
33160,13491,-1,
41244,25032,-1,

23,
24,
25,
26,20515,45284,-1,48077,-1,

27,
28,
29,
30,
