1,16012,28463,-1,9642,2,

2,16012,49754,-1,36578,-1,

3,
4,
5,
6,
7,
8,28463,40171,-1,7809,-1,7445,-1,22009,-1,
36578,46883,2,

9,28463,1852,-1,30471,-1,

10,28463,19909,-1,33811,-1,

11,28463,41461,-1,24775,-1,24016,-1,

12,28463,24438,-1,5736,-1,13385,-1,12236,-1,

13,
14,
15,30471,13433,-1,25855,-1,
49754,12161,2,

16,30471,32785,-1,
33811,37032,-1,

17,5736,3404,-1,
7809,29584,-1,
33811,48317,-1,13719,-1,

18,7809,20555,-1,
41461,42426,-1,48306,-1,

19,1852,45635,-1,12114,-1,30346,-1,
24775,44832,-1,1741,-1,
41461,21434,-1,

20,
21,41461,39472,-1,

22,
23,9642,38553,1,
41461,47115,-1,

24,19909,34305,-1,

25,19909,48781,-1,14801,-1,
41461,22834,-1,32988,-1,

26,
27,41461,41585,-1,

28,
29,39472,17001,-1,26946,-1,20382,-1,
41461,40808,-1,

30,40171,44293,-1,2366,1,
41461,39954,-1,
42426,44514,-1,

