1,1645,1222,0
2,1645,4471,0
3,1222,1748,0,4471,2493,0
4,1222,3242,0,1748,1382,0,2493,982,0,4471,1424,0
5,1222,827,0,1382,1150,0,2475,0,2965,0,4457,0,1424,575,0,1645,1611,0,1748,2397,0,3066,0,2493,4466,0,4471,1833,0
6,1222,3557,0,1611,1430,0,1610,0,1833,3851,0,2397,3991,0,2493,4469,0,3066,2539,0,3667,0,3242,2474,0
7,575,4316,0,827,388,0,982,1639,0,1150,1151,0,3855,0,1645,3631,0,1748,4465,0,2475,1573,0,4318,0,2493,981,0,2539,90,0,3289,0,3066,2396,0,3242,1412,0,2947,0,4471,4129,0
8,90,91,0,575,522,0,1267,0,1151,493,0,853,0,1412,1898,0,1573,436,0,1639,1515,0,1833,1832,0,2397,4451,0,2539,1747,0,3066,4645,0,3289,4506,0,4318,1874,0,4466,2996,0,4816,0,4469,513,0,2739,0
9,91,2160,0,436,162,0,1474,0,853,732,0,982,4764,0,1222,1516,0,1267,2492,0,1573,2436,0,2614,0,1747,67,0,1833,4258,0,3557,3052,0,3855,1826,0
10,67,1052,0,513,32,0,1867,0,1151,1149,0,1474,3203,0,1516,1514,0,2436,1060,0,2475,4293,0,2614,3516,0,3851,1103,0
11,162,405,0,550,0,754,0,3835,0,827,3595,0,853,3527,0,4920,0,1060,1034,0,1151,296,0,1474,2543,0,1874,1875,0,2160,179,0,1530,0,2493,2172,0,3242,3244,0,4293,3843,0,4764,1273,0
12,162,4931,0,179,3223,0,550,4694,0,754,4698,0,853,2505,0,2896,0,3964,0,1034,1036,0,3666,0,1060,1561,0,1151,4779,0,1267,3889,0,1514,4401,0,1530,2242,0,1875,383,0,1170,0,1838,0,1971,0,2959,0,4554,0,2160,2157,0,4238,0,4594,0,2543,4699,0,2614,819,0,1309,0,1788,0,3066,3068,0,3630,0,3203,692,0,3289,1920,0,4457,4458,0
13,32,1674,0,2039,0,91,4195,0,162,60,0,383,1087,0,1972,0,2200,0,3290,0,3404,0,405,481,0,550,3173,0,819,1073,0,1434,0,1792,0,853,1345,0,3432,0,1052,1876,0,1060,4633,0,1170,473,0,1038,0,2826,0,3829,0,4340,0,4842,0,1430,4284,0,1573,549,0,1838,642,0,2238,0,2351,0,2772,0,1875,84,0,1840,0,1954,0,2325,0,3361,0,3519,0,1971,731,0,831,0,896,0,1045,0,1575,0,2513,0,4328,0,4809,0,2157,2,0,1985,0,2116,0,2242,2241,0,2505,3345,0,2896,4286,0,2959,185,0,610,0,2014,0,3175,0,3266,0,4743,0,3666,3895,0,3851,3853,0,3889,3891,0,4465,1784,0,4699,66,0,4816,4817,0,4920,3582,0,4931,720,0
14,2,196,0,1198,0,1298,0,2542,0,3430,0,60,1473,0,84,138,0,2623,0,4505,0,4763,0,91,92,0,162,753,0,185,2710,0,2807,0,3433,0,3867,0,296,46,0,383,319,0,491,0,3114,0,405,4894,0,4927,0,473,1555,0,3254,0,3376,0,3791,0,4811,0,4822,0,513,2528,0,3342,0,550,548,0,610,340,0,3507,0,642,546,0,1743,0,1958,0,3409,0,4081,0,731,2477,0,3427,0,3617,0,831,2044,0,896,4669,0,981,30,0,1038,1996,0,3803,0,4265,0,1045,4855,0,1073,4495,0,1087,109,0,2416,0,4856,0,1170,559,0,813,0,1234,0,1693,0,2163,0,2702,0,2825,0,3065,0,3143,0,3341,0,3806,0,3814,0,1267,932,0,1309,235,0,1575,545,0,553,0,590,0,1674,718,0,1838,4364,0,1840,3729,0,3953,0,4190,0,1875,337,0,809,0,1690,0,2074,0,3014,0,4664,0,1954,440,0,3291,0,3728,0,3900,0,1971,3985,0,4305,0,4329,0,4720,0,1972,1168,0,1782,0,2098,0,2340,0,3857,0,4360,0,1985,928,0,2306,0,2461,0,3189,0,2014,189,0,4136,0,4435,0,2039,3204,0,4446,0,4528,0,2116,211,0,1278,0,2524,0,3426,0,3629,0,4702,0,4729,0,4773,0,2157,2809,0,4321,0,2200,713,0,1017,0,2238,810,0,865,0,2294,0,3410,0,2241,348,0,1173,0,3922,0,4426,0,4550,0,4910,0,2325,826,0,2351,456,0,1797,0,2513,709,0,835,0,2514,0,3730,0,2614,4107,0,2772,712,0,2559,0,2653,0,3600,0,4655,0,2826,213,0,339,0,2353,0,3117,0,3899,0,2947,2948,0,2959,212,0,2220,0,2960,0,3175,1689,0,2123,0,3290,4175,0,3361,1266,0,1626,0,1921,0,1922,0,2324,0,3615,0,4509,0,3404,544,0,2478,0,3519,368,0,4237,0,3527,743,0,3595,4141,0,3829,811,0,1132,0,1634,0,3374,0,4663,0,3835,775,0,4318,133,0,4453,0,4328,1595,0,2469,0,3488,0,3652,0,3823,0,4101,0,4132,0,4340,160,0,759,0,1427,0,2093,0,4743,1546,0,2652,0,3459,0,4686,0,4809,1162,0,4370,0,4817,2722,0,4842,890,0,2494,0,3643,0
15,2,2784,0,3312,0,3757,0,84,1980,0,2099,0,3360,0,4186,0,4626,0,91,2472,0,92,842,0,1041,0,1248,0,2205,0,3000,0,3549,0,109,3984,0,4301,0,4915,0,138,3058,0,3508,0,4353,0,4473,0,160,1536,0,185,304,0,3034,0,4400,0,189,191,0,3227,0,196,3183,0,211,1386,0,1914,0,3782,0,212,4294,0,4624,0,4821,0,213,356,0,1686,0,2051,0,319,4094,0,339,1979,0,2049,0,2575,0,3144,0,340,305,0,582,0,348,2572,0,2734,0,3777,0,368,1074,0,1698,0,3101,0,3181,0,3396,0,383,2258,0,405,2291,0,440,437,0,1252,0,456,4625,0,473,1105,0,2104,0,4529,0,4832,0,481,3686,0,491,3136,0,544,543,0,545,122,0,2089,0,3954,0,4261,0,4672,0,4730,0,546,25,0,1470,0,3145,0,549,721,0,559,2222,0,2733,0,4454,0,4623,0,590,145,0,1300,0,2708,0,3380,0,3533,0,610,1960,0,2295,0,712,1553,0,1783,0,2727,0,713,354,0,2464,0,3137,0,3874,0,4138,0,718,1231,0,731,470,0,1619,0,2887,0,753,4001,0,759,1419,0,810,3752,0,4646,0,811,993,0,3927,0,4108,0,4924,0,813,2257,0,4354,0,826,2266,0,865,430,4822,537,4923,551,0,931,0,2599,0,3140,0,3707,0,4028,0,890,318,0,1100,0,3382,0,4670,0,896,3302,0,928,1968,0,2199,0,3108,0,3406,0,4223,0,1017,2213,0,1052,1020,0,1087,1174,0,1991,0,4923,0,1132,63,0,454,0,609,0,1682,0,3621,0,3737,0,1149,1181,0,1170,369,0,737,0,988,0,1676,0,2765,0,3753,0,4610,0,1173,110,0,1175,0,1198,951,0,1088,0,1548,0,2465,0,3135,0,4402,0,1234,1163,0,2027,0,2100,0,4696,0,1266,394,0,1383,0,1959,0,2377,0,3049,0,3372,0,1278,2769,0,1298,126,0,2969,0,3205,0,3824,0,3898,0,1427,2112,0,2532,0,1434,3894,0,1546,869,0,1555,1200,0,1202,0,2373,0,2466,0,1575,2602,0,2802,0,2929,0,1595,569,0,2925,0,3263,0,3669,0,3713,0,3831,0,1626,1576,0,2002,0,2023,0,3332,0,3871,0,1634,882,0,1846,0,4857,0,1674,2774,0,1690,4408,0,1693,3534,0,3698,0,3716,0,4599,0,1743,3627,0,4580,0,1782,1502,0,1792,552,0,1875,2115,0,3239,0,1921,431,0,1251,0,1384,0,1982,0,2762,0,2820,0,3048,0,3501,0,1922,1223,0,1593,0,1892,0,1954,1771,0,3952,0,1958,2544,0,4737,0,1971,846,0,1911,0,3859,0,4260,0,4472,0,1985,1970,0,3699,0,3801,0,4188,0,2039,2040,0,2299,0,2074,438,0,2075,0,2098,4339,0,2116,2753,0,2157,2072,0,2930,0,2160,1378,0,2163,567,0,1605,0,1881,0,2102,0,2238,1503,0,2324,2550,0,4656,0,2325,850,0,1071,0,2352,0,2340,989,0,3604,0,2397,3926,0,2416,1987,0,3468,0,2461,750,0,4327,0,4591,0,2469,847,0,2114,0,2212,0,3070,0,2477,1179,0,1992,0,2083,0,2787,0,2478,2508,0,2494,808,0,1489,0,1767,0,1901,0,4827,0,2505,1218,0,2528,1868,0,2542,3616,0,2559,120,0,1847,0,2623,4374,0,2652,328,0,2702,1077,0,2710,3775,0,2772,864,0,2809,623,0,1916,0,3986,0,4753,0,2960,912,0,2146,0,2462,0,2760,0,3117,1554,0,4387,0,3173,2384,0,3254,891,0,3341,2105,0,2518,0,3342,587,0,3361,1129,0,1296,0,1569,0,3480,0,4314,0,3374,433,0,4012,0,4031,0,3376,208,0,538,0,861,0,2523,0,2661,0,3274,0,3404,3031,0,3409,2488,0,4450,0,3410,2496,0,3426,3311,0,3920,0,3427,121,0,184,0,1567,0,2141,0,2162,0,3625,0,3670,0,4102,0,4250,0,4636,0,3430,2455,0,3433,252,0,3488,44,0,2541,0,3516,3024,0,3519,1543,0,3099,0,3557,3558,0,3615,1744,0,2600,0,3709,0,4232,0,3617,845,0,4433,0,4731,0,3643,1491,0,3060,0,4732,0,3652,2709,0,3729,4829,0,3791,1288,0,2979,0,3586,0,4235,0,3806,3521,0,3814,3947,0,3823,134,0,193,0,480,0,3829,1055,0,1549,0,2084,0,2683,0,3857,326,0,3867,1455,0,3891,227,0,3899,1228,0,3900,1101,0,3236,0,4081,1726,0,4101,1276,0,2122,0,3265,0,3848,0,4132,4566,0,4190,357,0,4238,2756,0,4265,1164,0,4284,4285,0,4321,1375,0,4329,1153,0,4340,2525,0,3870,0,4446,517,0,4016,0,4030,0,4505,2001,0,4371,0,4633,4759,0,4663,3096,0,4025,0,4686,1535,0,4702,1910,0,2120,0,3563,0,3830,0,4720,1893,0,4779,3255,0,4811,2048,0,4822,190,0,2889,0,3080,0,4586,0,4587,0,4842,975,0,1016,0,1675,0,2399,0,3357,0,3429,0,3435,0,4855,3994,0,4910,1997,0,4927,684,0,4322,0
16,2,929,0,1180,0,63,20,0,92,99,0,3157,0,3778,0,3815,0,4024,0,4810,0,4861,0,121,229,0,1194,0,1495,0,133,406,0,145,798,0,2711,0,4278,0,160,312,0,1107,0,1594,0,3272,0,3941,0,189,4452,0,190,3,0,851,0,1467,0,1538,0,1563,0,193,147,0,1534,0,196,226,0,208,1097,0,3700,0,211,346,0,3676,0,212,4858,0,305,660,0,3977,0,4627,0,319,2703,0,348,4863,0,4909,0,394,948,0,2754,0,4192,0,405,3512,0,430,429,0,1249,0,4092,0,431,50,0,195,0,1899,0,2378,0,2706,0,433,187,0,470,2764,0,3967,0,473,4588,0,480,3756,0,513,512,0,537,311,0,625,0,1695,0,2608,0,538,455,0,2343,0,4634,0,543,1969,0,545,1588,0,551,793,0,1026,0,1490,0,553,3395,0,559,558,0,4104,0,567,82,0,569,812,0,4526,0,587,1866,0,590,492,0,1717,0,4262,0,609,359,0,1254,0,4032,0,623,4519,0,713,4033,0,718,3439,0,737,742,0,1366,0,4196,0,750,2624,0,4824,0,759,303,0,1963,0,2517,0,3606,0,808,2682,0,4309,0,811,1287,0,3160,0,842,1253,0,2221,0,845,800,0,4922,0,846,677,0,847,1353,0,1769,0,850,2080,0,861,1290,0,1354,0,865,2567,0,3356,0,4727,0,882,3061,0,3619,0,890,1342,0,931,1708,0,3554,0,3877,0,975,942,0,1400,0,2418,0,989,3601,0,993,1,0,3827,0,1016,1106,0,1201,0,2113,0,2622,0,1020,1019,0,1036,1035,0,1041,224,0,1262,0,1052,530,0,1055,1568,0,3402,0,3520,0,1074,384,0,1207,0,2654,0,1088,124,0,376,0,1100,28,0,2540,0,1105,902,0,3864,0,1129,1990,0,3167,0,1153,1340,0,2491,0,1170,1646,0,1179,3663,0,1202,2585,0,1218,952,0,1223,2963,0,3346,0,1231,591,0,1736,0,3909,0,1234,3624,0,4660,0,1248,1988,0,3449,0,4684,0,4818,0,1251,2046,0,2519,0,3381,0,3458,0,4428,0,4434,0,1266,228,0,1984,0,2121,0,3116,0,3414,0,3550,0,1276,1620,0,3537,0,1278,2606,0,4461,0,1296,103,0,3446,0,4303,0,1300,570,0,1299,0,2073,0,1345,2197,0,1383,153,0,994,0,2379,0,4661,0,1386,2095,0,3245,0,1419,1679,0,1427,1169,0,4154,0,1470,1376,0,1474,630,0,1491,639,0,726,0,3436,0,4155,0,4525,0,1535,3665,0,1549,1790,0,3817,0,4437,0,1555,4733,0,1567,2003,0,1569,680,0,4304,0,4739,0,1576,820,0,4577,0,1593,306,0,397,0,1388,0,1983,0,3358,0,1595,3708,0,1605,1086,0,3270,0,1619,751,0,4050,0,1626,3774,0,1634,355,0,1676,3746,0,1682,1451,0,3858,0,1693,1131,0,1698,367,0,1744,1656,0,2045,0,2087,0,1846,2982,0,1847,2728,0,1875,1429,0,1892,1157,0,2209,0,2587,0,2588,0,1901,3320,0,1910,968,0,1911,2473,0,1914,4879,0,1916,3564,0,1921,2821,0,1922,640,0,2164,0,4096,0,1959,728,0,2512,0,3413,0,4087,0,1960,1293,0,1705,0,4789,0,1971,1696,0,2426,0,2977,0,1972,451,0,1979,4093,0,1982,146,0,150,0,2601,0,4211,0,1992,3327,0,4675,0,2023,1655,0,4193,0,2027,332,0,2039,297,0,2044,2043,0,2051,641,0,1544,0,2072,4080,0,2075,1263,0,2427,0,2773,0,2083,2786,0,2084,1329,0,1821,0,2327,0,2089,4674,0,2093,2942,0,2100,1900,0,2102,1999,0,2104,3228,0,2120,883,0,2122,2810,0,3281,0,3391,0,2146,4021,0,2162,3442,0,4826,0,2205,2401,0,2222,188,0,2258,3297,0,2325,3226,0,3710,0,2377,1609,0,2399,3750,0,2455,2423,0,2462,733,0,2477,844,0,2140,0,4252,0,2488,3460,0,2494,65,0,2145,0,2518,1599,0,2524,3671,0,2525,3277,0,2532,4249,0,2541,4488,0,2599,3724,0,2600,716,0,1134,0,2946,0,2661,1545,0,2702,4576,0,2733,399,0,4077,0,4280,0,2753,4277,0,2756,3294,0,2760,1426,0,3945,0,4880,0,2762,945,0,2765,1934,0,2774,3544,0,2787,469,0,2802,3313,0,2820,4377,0,2887,1387,0,2889,1825,0,2969,3981,0,3000,3215,0,3500,0,3024,3810,0,3034,3032,0,3048,679,0,3049,3069,0,3065,255,0,3070,1178,0,3080,3079,0,3189,1049,0,3205,560,0,3236,163,0,3239,3238,0,3265,736,0,3142,0,3860,0,3274,681,0,4342,0,3341,2372,0,3344,0,3357,4820,0,3372,2763,0,2799,0,3380,592,0,3382,3350,0,3406,3062,0,3427,3026,0,3435,2414,0,3480,2022,0,3364,0,3501,1304,0,3533,4133,0,3549,1154,0,1335,0,1385,0,3615,1454,0,2876,0,3625,2021,0,3669,479,0,3670,4752,0,3709,2856,0,3730,3732,0,3823,4736,0,3848,1981,0,3871,536,0,1858,0,3141,0,3874,2914,0,3894,1165,0,3948,0,3927,3180,0,4031,1297,0,4094,973,4809,1338,0,4108,788,0,4132,645,0,4232,1012,0,3441,0,4318,705,0,4327,1810,0,2148,0,4340,4090,0,4446,1483,0,4495,1182,0,4528,983,0,4624,1919,0,4626,4605,0,4656,1048,0,4696,1929,0,4732,3901,0,4842,3347,0,4927,4748,0
17,3,2849,0,28,4520,0,44,349,0,2330,0,50,1839,0,99,4014,0,4236,0,4455,0,103,2813,0,4828,0,121,446,0,2999,0,122,225,0,146,862,0,1522,0,1635,0,1918,0,2428,0,147,3040,0,150,3425,0,153,445,0,163,4629,0,184,186,0,188,4013,0,4719,0,195,180,0,228,347,0,2290,0,306,2667,0,311,3131,0,332,3944,0,355,1133,0,383,382,0,394,2147,0,2850,0,3987,0,399,3379,0,4375,0,433,711,0,469,2217,0,470,36,0,512,16,0,538,498,0,558,495,0,4704,0,609,345,0,625,624,0,640,102,0,1079,0,1523,0,4462,0,641,3701,0,679,1040,0,716,2577,0,731,3113,0,743,2796,0,751,1885,0,812,2094,0,820,2328,0,3187,0,3328,0,4574,0,844,1213,0,865,2659,0,882,192,0,929,1577,0,2704,0,4679,0,931,4718,0,948,265,0,973,4872,0,1012,52,0,789,0,1292,0,1016,556,0,1036,2824,0,1041,2931,0,1073,1761,0,1154,2812,0,1157,1724,0,2151,0,1231,2041,0,2770,0,1249,158,0,1262,727,0,1266,2736,0,1296,3348,0,1335,266,0,1345,1624,0,1353,2016,0,1384,2913,0,1434,1795,0,1473,3882,0,1483,1734,0,1534,499,0,1536,1631,0,1569,3156,0,1588,1596,0,1646,518,0,1693,1694,0,1744,4412,0,1810,947,0,1866,2957,0,1881,1617,0,1892,2398,0,1899,1496,0,1959,395,0,1960,3165,0,1990,401,0,2022,1130,0,2087,1056,0,2206,0,2172,2173,0,2197,4362,0,2377,4573,0,2416,2415,0,2423,2434,0,2512,4707,0,2519,4703,0,2541,3445,0,2567,557,0,2588,1680,0,2600,2677,0,2606,3672,0,2756,2755,0,2763,1220,0,2773,972,0,3014,3013,0,3026,1011,0,3048,3047,0,3049,3599,0,3069,2243,0,3167,597,0,738,0,3294,2020,0,3395,4395,0,3458,1841,0,3615,3614,0,3803,3478,0,3815,2150,0,3909,1082,0,3948,4538,0,4001,4317,0,4032,3609,0,4087,4825,0,4232,3276,0,4446,1230,0
18,158,1321,0,186,1069,0,208,207,0,228,1848,0,397,1356,0,429,432,0,517,2055,0,543,542,0,624,3543,0,728,4622,0,844,1416,0,929,2958,0,947,616,0,946,0,1011,786,0,2884,0,1019,1322,0,1049,1050,0,1130,1493,0,1213,281,0,1214,0,1473,2346,0,1483,2529,0,1674,4568,0,1724,1725,0,1734,687,0,1767,1766,0,1868,694,0,1960,3316,0,1969,1628,0,1997,1827,0,2045,4271,0,2206,95,0,2299,1197,0,2340,2338,0,2722,2169,0,2770,4343,0,3255,3721,0,3442,47,0,3558,1789,0,3803,1585,0,3894,2501,0,4102,4103,0,4277,3133,0,4495,2076,0,4636,4635,0
19,20,2091,0,103,100,0,109,3561,0,124,1600,0,357,3310,0,512,825,0,548,762,0,687,1371,0,4076,0,902,901,0,912,913,0,946,2006,0,983,2139,0,1040,1039,0,1197,1780,0,1489,2244,0,1549,1551,0,1789,1007,0,2045,3355,0,2151,3742,0,2258,2259,0,2378,130,0,2415,1116,0,2774,4662,0,3391,3392,0,3432,1044,0,3436,2583,0,3445,205,0,4097,0,3516,4311,0,3947,3946,0,3994,3995,0,4318,2233,0,4401,2268,0,4450,740,0,4525,4527,0,4855,3505,0
20,30,29,0,82,80,0,130,4503,0,406,1463,0,517,4582,0,624,2781,0,793,792,0,929,4183,0,1292,278,0,1300,1301,0,1322,3497,0,1329,1330,0,1585,1188,0,4647,0,1620,3278,0,1780,648,0,1810,1811,0,1848,960,0,1906,0,1893,1894,0,2003,2000,0,2039,3387,0,2120,2751,0,2160,2990,0,2197,4127,0,2209,2207,0,2602,2603,0,2760,2759,0,2825,2827,0,3032,3033,0,3180,3179,0,3355,3354,0,3436,1195,0,3521,3523,0,3543,2059,0,3558,3130,0,3737,3736,0,3742,3744,0,3803,3805,0,3894,2684,0,2685,0,4001,907,0,4626,2874,0,4699,3465,0,4822,4823,0,4915,4916,0
21,305,2968,0,680,602,0,798,799,0,850,2443,0,853,906,0,1017,1015,0,1019,562,0,1044,3378,0,4545,0,1213,4460,0,1253,1255,0,1309,1310,0,1489,3704,0,1585,2664,0,1789,2531,0,1876,79,0,1906,3603,0,1983,4406,0,1997,1672,0,2241,2240,0,2384,2179,0,2733,4616,0,3173,2980,0,3523,4218,0,3544,1909,0,3721,3722,0,3891,2530,0,3894,1349,0,4138,4135,0,4137,0,4232,4233,0,4519,4522,0,4529,4530,0,4732,814,0
22,80,4015,0,4228,0,124,3846,0,328,330,0,549,4757,0,786,1449,0,906,900,0,972,3462,0,1011,3651,0,1164,784,0,1220,4125,0,1292,4027,0,1322,3208,0,1473,295,0,2522,0,1628,1738,0,1906,3634,0,2040,3650,0,2120,219,0,2628,0,2244,2247,0,2896,1315,0,2980,2981,0,3465,2482,0,4901,0,3563,658,0,3732,2085,0,3994,3996,0,4314,4313,0,4327,4562,0,4587,3997,0
23,52,58,0,186,2912,0,297,489,0,330,1973,0,798,215,0,983,3938,0,1020,3715,0,1088,1090,0,1255,1715,0,1290,1289,0,1553,248,0,1600,94,0,1771,1773,0,1848,2365,0,1876,310,0,2055,3880,0,2105,1471,0,2179,140,0,2222,3800,0,2541,4130,0,2773,2775,0,2884,2883,0,4331,0,3387,2975,0,3409,1456,0,3462,2805,0,3558,4484,0,3742,444,0,3803,1189,0,3926,1237,0,3988,0,4125,1486,0,4562,585,0,4647,568,0,4863,4862,0
24,100,4288,0,162,1807,0,305,4747,0,469,2254,0,972,2064,0,1040,4181,0,1194,1192,0,1473,4463,0,1918,13,0,1973,3282,0,2501,2593,0,4315,0,2827,3770,0,2896,4890,0,2980,772,0,963,0,1740,0,3355,3353,0,3601,3251,0,3742,14,0,3994,4423,0,4097,962,0,4331,4925,0,4909,3881,0
25,79,1363,0,94,4658,0,100,1250,0,330,1978,0,624,4106,0,684,683,0,784,1167,0,786,3333,0,947,1348,0,1007,4487,0,1195,2161,0,1299,1239,0,1335,1334,0,1738,1627,0,2102,2103,0,2105,1357,0,2179,2177,0,2733,2735,0,2805,3368,0,2980,3754,0,3033,4120,0,3208,4774,0,3255,1208,0,3282,2272,0,3353,2630,0,3465,1681,0,3543,72,0,4310,0,3651,3514,0,3742,2276,0,3741,0,4181,1539,0,4288,4289,0,4406,55,0,693,0,4699,2752,0
26,14,668,0,72,73,0,124,4486,0,489,1394,0,1069,1068,0,1539,1104,0,1620,3908,0,1894,2843,0,2161,746,0,2179,1793,0,2328,2329,0,2664,2665,0,2896,1043,0,2990,4391,0,3133,280,0,3282,3163,0,4456,0,3523,4877,0,4015,2932,0,4135,3788,0,4183,3085,0,4310,4105,0,4463,1498,0,4484,315,0,1851,0,4562,4563,0
27,29,3703,0,52,49,0,228,3072,0,248,3792,0,330,4351,0,668,443,0,680,3556,0,865,863,0,1167,2184,0,1188,1583,0,1449,656,0,1456,2873,0,1918,765,0,2001,2004,0,2443,2444,0,2522,2520,0,2665,3809,0,2843,2842,0,2896,2337,0,2980,662,0,3353,2633,0,3462,2804,0,3601,1521,0,3614,3028,0,3882,3884,0,4105,2646,0,4288,3529,0
28,124,2766,0,215,2926,0,330,379,0,443,3535,0,1020,801,0,1189,1187,0,1493,115,0,1894,3146,0,2475,2476,0,2633,2634,0,2665,661,0,2896,1830,0,3353,2538,0,3775,3779,0,3908,3760,0,4125,2635,0,4271,4272,0,4351,4350,0,4890,3494,0,4889,0
29,55,1837,0,281,1311,0,765,764,0,3832,0,784,2183,0,865,509,4861,1079,1078,0,1299,3572,0,1675,378,0,1740,4365,0,2874,1710,0,3033,373,0,2791,0,3163,666,0,3282,3199,0,3436,747,0,3462,2125,0,3523,3522,0,3561,1269,0,3800,4221,0,4183,4182,0,4272,4269,0,4310,2817,0,4740,0,4528,586,0
30,219,217,0,248,2077,0,1187,1233,0,1348,1358,0,1456,31,0,636,0,1498,1831,0,1807,1806,0,2254,4051,0,3114,3115,0,3614,1636,0,3832,198,0,1584,0,4103,749,0,4269,4043,0,4303,4926,0,4350,2973,0,4889,3250,0
