1,45631,23970,-1,46608,-1,

2,45631,26342,-1,

3,45631,30309,-1,

4,45631,10952,-1,

5,
6,
7,
8,23970,1432,-1,4321,-1,28732,-1,
30309,2769,-1,

9,10952,36666,2,
23970,17052,-1,11047,-1,
30309,13051,-1,

10,30309,41793,-1,
46608,44600,-1,

11,23970,2416,-1,27422,-1,9681,-1,
46608,23651,-1,45177,2,

12,
13,23970,25489,-1,

14,
15,
16,2416,20066,-1,40317,-1,
41793,15501,-1,

17,2416,22380,-1,

18,
19,
20,2416,47872,-1,

21,17052,3747,-1,20053,-1,

22,17052,3997,-1,

23,
24,
25,2416,43292,-1,

26,
27,
28,2416,1582,-1,

29,
30,
