1
2
3
4,2756,4545,0
5
6
7
8,4545,4127,0,4195,0
9,4127,2917,0,4195,179,0,3294,0,4779,0,4890,0,4545,4669,0
10,2917,986,0,3294,1345,0,4195,3994,0,4669,2197,0
11,2197,1624,0,2020,0,3582,0,4286,0,3294,4920,0,4779,1151,0,4890,2337,0
12,986,4145,0,1151,743,0,3505,0,2020,732,0,2197,2896,0,2917,1627,0,4127,91,0,4195,952,0,2160,0,3432,0,4669,1045,0,4890,1378,0
13,732,906,0,1045,1043,0,4594,0,1378,4362,0,3294,3964,0,3432,3223,0,3505,2047,0,3582,3255,0,4669,900,0
14,1151,493,0,1378,3527,0,1627,2741,0,2160,2505,0,3345,0,2337,1218,0,2896,3721,0,3432,896,0,4920,3229,0,4921,0
15,1151,46,0,1345,1044,0,2741,1204,0,3255,1971,0,3345,2242,0,3964,3302,0,3994,4855,0
16,906,3919,0,1971,492,0,546,0,2140,0,2710,0,3756,0,4102,0,2242,4775,0,2505,853,0,4920,268,0,4921,1579,0
17,492,147,0,553,0,677,0,846,0,1375,0,2016,0,2602,0,3181,0,3313,0,3426,0,3430,0,4050,0,546,438,0,2623,0,3521,0,4656,0,4763,0,1151,3996,0,1971,189,0,326,0,1968,0,2352,0,2353,0,2644,0,3830,0,4736,0,4824,0,2140,184,0,1992,0,2710,340,0,1535,0,1972,0,1987,0,2220,0,2295,0,3226,0,3952,0,4400,0,3223,2472,0,3582,1315,0,3756,1620,0,3898,0,3981,0,4102,44,0,193,0,1534,0,1717,0,3062,0,3135,0,3537,0,4674,0
18,44,470,0,1074,0,2141,0,2469,0,2769,0,147,1724,0,2022,0,2667,0,4211,0,4922,0,184,3,0,845,0,189,368,0,1689,0,2257,0,2734,0,3175,0,4686,0,193,736,0,2306,0,3142,0,326,559,0,2340,0,3117,0,3361,0,340,544,0,2727,0,438,4371,0,4743,0,4809,0,4856,0,492,2477,0,3396,0,3860,0,546,1980,0,2241,0,2544,0,4353,0,4426,0,553,560,0,731,0,798,0,928,0,1595,0,2423,0,3391,0,4753,0,677,929,0,1698,0,2122,0,2491,0,4328,0,846,800,0,3782,0,1375,134,0,4591,0,1534,196,0,1970,0,1535,2049,0,3803,0,1620,2764,0,4223,0,4262,0,1717,2114,0,2810,0,2887,0,4519,0,1968,3070,0,3281,0,1971,1985,0,2488,0,3831,0,4080,0,4821,0,1972,451,0,1376,0,1429,0,1991,0,3508,0,1987,1997,0,3239,0,3468,0,4863,0,1992,812,0,1386,0,4260,0,2016,1353,0,2753,0,3824,0,4461,0,4702,0,2140,480,0,4252,0,4729,0,2220,354,0,713,0,1996,0,2514,0,3953,0,2295,610,0,1038,0,3143,0,2352,1170,0,1455,0,1783,0,1958,0,4265,0,4625,0,2353,1087,0,2472,1198,0,2473,0,2796,0,4101,0,2602,1178,0,4566,0,2623,456,0,491,0,582,0,3729,0,2710,138,0,2496,0,2508,0,3062,367,0,2094,0,3848,0,3135,569,0,951,0,2157,0,3181,2455,0,3108,0,4261,0,3226,3034,0,4237,0,3229,1014,0,3313,545,0,2330,0,3699,0,3426,349,0,2116,0,4188,0,3430,2977,0,3327,0,3521,1690,0,1960,0,3753,0,4452,0,3527,3378,0,3537,2465,0,3564,0,3756,145,0,1179,0,1387,0,3830,1696,0,2787,0,3189,0,3898,590,0,1911,0,3676,0,3952,3404,0,4472,0,3981,2148,0,2524,0,2606,0,3967,0,4050,384,0,1207,0,1914,0,3670,0,4400,1174,0,1503,0,3136,0,4576,0,4923,0,4656,1543,0,4190,0,4454,0,4674,1981,0,2969,0,3312,0,4763,2550,0,4775,458,0
19,3,609,0,1026,0,3272,0,4672,0,44,4277,0,134,2089,0,3406,0,138,252,0,1077,0,1162,0,1175,0,1954,0,1979,0,2074,0,145,126,0,645,0,4879,0,147,2709,0,3187,0,3332,0,184,3669,0,189,809,0,1168,0,1536,0,2825,0,193,124,0,623,0,196,2073,0,2541,0,326,213,0,2014,0,3728,0,3984,0,4435,0,4473,0,340,813,0,2238,0,2294,0,3601,0,349,570,0,354,2200,0,367,2929,0,368,122,0,642,0,1300,0,2416,0,3616,0,4360,0,438,810,0,3410,0,4093,0,451,2572,0,4186,0,4408,0,456,3409,0,4374,0,480,3859,0,491,2478,0,544,2325,0,545,225,0,1548,0,1916,0,3113,0,546,3058,0,3507,0,553,3629,0,4731,0,559,869,0,2351,0,3360,0,3433,0,3627,0,560,592,0,1153,0,3427,0,569,499,0,847,0,1695,0,2084,0,2802,0,3586,0,4309,0,4525,0,582,3857,0,590,1619,0,3205,0,3265,0,3954,0,610,109,0,989,0,4550,0,713,359,0,369,0,942,0,1133,0,3402,0,4822,0,731,1596,0,2461,0,736,211,0,812,2021,0,2784,0,845,226,0,846,2212,0,3563,0,928,3617,0,929,92,0,1314,0,2708,0,3778,0,4828,0,951,3183,0,3263,0,1038,305,0,1553,0,3227,0,4364,0,1074,4730,0,1087,2098,0,3604,0,4094,0,1170,518,0,742,0,3777,0,4670,0,1178,376,0,1179,4488,0,4675,0,1198,1200,0,2711,0,2849,0,4752,0,1353,3652,0,1375,3672,0,1376,84,0,2575,0,2959,0,1387,1041,0,1263,0,2003,0,2821,0,2925,0,4024,0,4455,0,1429,864,0,2001,0,3114,0,1455,4623,0,1534,2199,0,4132,0,1535,1847,0,1579,4530,0,1595,1276,0,1689,4509,0,4655,0,1690,1101,0,2653,0,1696,3713,0,4433,0,1698,2083,0,1717,3757,0,3801,0,1724,1011,0,1335,0,1593,0,1892,0,2209,0,2243,0,2588,0,2706,0,3157,0,4577,0,1783,2002,0,1958,3144,0,4136,0,4354,0,1960,1521,0,3266,0,3867,0,1968,2,0,1971,2513,0,2542,0,1980,1875,0,2809,0,2930,0,3460,0,3665,0,1981,1049,0,1985,1088,0,2786,0,3311,0,1987,25,0,110,0,383,0,4305,0,1992,1983,0,3101,0,1996,2115,0,4301,0,1997,2498,0,4492,0,2016,2426,0,2022,224,0,2049,2559,0,2114,844,0,1588,0,3533,0,4278,0,2122,1180,0,4327,0,2140,36,0,4402,0,4773,0,2141,3395,0,2148,1769,0,3245,0,3488,0,3625,0,2157,3671,0,2220,1017,0,1797,0,2241,356,0,440,0,4720,0,2242,1530,0,2257,3899,0,3922,0,4664,0,2295,712,0,2772,0,4370,0,2306,3920,0,2423,346,0,2465,2624,0,2469,1340,0,2472,4321,0,2496,3900,0,4081,0,2508,3730,0,2514,835,0,3290,0,2544,2733,0,3752,0,3985,0,2550,1554,0,2606,2607,0,2667,50,0,716,0,2762,0,4626,0,2710,2123,0,2727,1726,0,2734,3291,0,3108,1885,0,3117,1840,0,3136,2826,0,3145,0,3181,3380,0,3239,1771,0,3327,751,0,3708,0,3361,1567,0,3519,0,4192,0,3404,304,0,3426,750,0,3468,2807,0,3099,0,3236,0,4829,0,3508,2652,0,3670,4250,0,3729,185,0,3756,2120,0,3953,3031,0,4387,0,4080,479,0,4101,2095,0,3663,0,4188,4133,0,4190,4858,0,4237,1228,0,4252,1278,0,4262,2072,0,4286,4287,0,4353,3014,0,4371,337,0,357,0,4452,865,0,1173,0,4454,4505,0,4461,2654,0,4472,709,0,4566,1298,0,1910,0,4809,4737,0,4824,469,0,4923,319,0
20,3,1016,0,3228,0,3707,0,3870,0,44,3986,0,50,188,0,395,0,1626,0,1922,0,3501,0,84,348,0,92,2045,0,2931,0,4739,0,126,4329,0,147,4096,0,4789,0,185,2266,0,213,3806,0,224,229,0,973,0,304,1686,0,1782,0,4294,0,305,808,0,851,0,1934,0,3829,0,319,2051,0,354,4646,0,357,3459,0,359,1290,0,2418,0,3901,0,4732,0,4811,0,368,68,0,1893,0,2324,0,451,1743,0,2702,0,4104,0,518,993,0,1100,0,1354,0,1419,0,4437,0,546,2213,0,553,1575,0,569,190,0,1132,0,1254,0,2599,0,3131,0,609,473,0,2760,0,3737,0,3814,0,4033,0,610,4580,0,4910,0,623,625,0,642,1546,0,3775,0,713,538,0,556,0,1055,0,1676,0,3382,0,4342,0,4526,0,716,1744,0,3599,0,742,1131,0,1426,0,1538,0,2027,0,2914,0,3429,0,3827,0,4138,0,810,1164,0,865,455,4832,1297,0,1342,0,2087,0,3947,0,4025,0,4707,0,869,1252,0,929,2519,0,2773,0,942,2765,0,1011,103,0,1154,0,3514,0,4462,0,1026,4108,0,1041,102,0,394,0,2963,0,3026,0,4622,0,1133,433,0,793,0,890,0,1288,0,1881,0,2466,0,2942,0,3534,0,4663,0,1168,120,0,1170,3274,0,3817,0,1175,339,0,1178,1749,0,1200,355,0,639,0,1086,0,1491,0,3096,0,1263,1293,0,1576,0,4661,0,1335,1388,0,2600,0,4719,0,1340,3823,0,1387,558,0,1609,0,2587,0,1455,1458,0,1536,1366,0,2208,0,1554,3600,0,1567,1157,0,1918,0,2150,0,3364,0,1593,228,0,1249,0,3554,0,1695,318,0,2104,0,1724,679,0,945,0,3048,0,1726,1470,0,1783,212,0,1840,2703,0,1892,431,0,862,0,948,0,1251,0,1960,150,0,2401,0,3500,0,4679,0,1983,883,0,1781,0,2659,0,2856,0,1985,1982,0,2002,1635,0,3040,0,2003,1056,0,3381,0,3615,0,2022,727,0,1262,0,1839,0,2221,0,2084,1617,0,2098,726,0,2523,0,2115,2222,0,2120,1012,0,2813,0,2160,4238,0,2209,121,0,3356,0,2238,4909,0,2243,1569,0,1988,0,2601,0,3425,0,2257,2259,0,2353,1502,0,3799,0,2514,1838,0,2544,2258,0,2588,3774,0,4412,0,2652,826,0,2667,430,0,536,0,2677,0,3379,0,3550,0,4684,0,2706,347,0,2733,2735,0,2734,2736,0,2753,4636,0,2762,3049,0,2821,597,0,3167,0,3101,3100,0,3157,99,0,1321,0,1858,0,3276,0,3871,0,3187,2427,0,3272,82,0,4339,0,3332,2378,0,3215,0,3361,3372,0,3458,0,3549,0,3709,0,3391,3392,0,3402,1605,0,2105,0,3716,0,3746,0,3409,3297,0,3427,4375,0,3433,4554,0,3586,1202,0,1846,0,1900,0,2102,0,3277,0,3777,2728,0,3778,1266,0,4280,0,4024,3165,0,4050,4049,0,4094,195,4021,1079,4858,2999,0,3624,0,4192,4236,0,4434,0,4624,0,4211,972,0,1523,0,2023,0,4262,4263,0,4309,345,0,4525,1490,0,2608,0,4576,2099,0,4626,820,0,2799,0,4670,1555,0,2622,0,3700,0,4822,28,0,551,0,1451,0,4828,1296,0,3442,0,4826,0
21,28,1329,0,2113,0,50,52,0,3069,0,4304,0,82,567,0,681,0,2080,0,92,146,0,789,0,1134,0,1383,0,2147,0,102,2205,0,3414,0,103,446,0,1959,0,4232,0,121,738,0,1919,0,150,158,0,2763,0,4573,0,4872,0,188,1292,0,4704,0,190,2532,0,3750,0,195,2046,0,4014,0,4605,0,225,227,0,229,1577,0,305,3270,0,318,1234,0,3254,0,347,1129,0,3413,0,355,1,0,359,902,0,394,3987,0,395,1385,0,1705,0,430,2398,0,3116,0,431,1899,0,433,1679,0,455,1163,0,473,472,0,1646,0,3698,0,4028,0,518,187,0,1568,0,2112,0,3061,0,3606,0,536,2512,0,538,4154,0,551,711,0,4924,0,556,1287,0,2414,0,4196,0,4857,0,558,1253,0,569,3009,0,3350,0,3941,0,597,994,0,609,1107,0,2525,0,3701,0,625,3944,0,4249,0,639,1545,0,679,266,0,713,788,0,716,495,0,1496,0,726,4588,0,727,180,0,742,861,0,2979,0,3520,0,4832,0,750,752,0,793,332,0,1999,0,820,2151,0,2567,0,851,1467,0,1790,0,3080,0,3180,0,4733,0,862,399,0,4810,0,865,1929,0,3357,0,3945,0,4610,0,883,728,0,890,3341,0,3619,0,4880,0,929,557,0,4193,0,942,2494,0,3874,0,972,2162,0,973,4092,0,1012,1655,0,1016,882,0,975,0,2517,0,2540,0,3376,0,1041,931,0,2377,0,1049,1051,0,1055,1549,0,1056,640,0,1680,0,1077,1078,0,1079,3328,0,1086,1821,0,3436,0,1100,2464,0,4827,0,1131,1489,0,1133,1682,0,1154,4303,0,1157,2850,0,3156,0,3348,0,3446,0,1170,1594,0,1200,192,0,1693,0,3374,0,1249,2820,0,1254,1106,0,4660,0,1262,1495,0,3449,0,1263,1223,0,1266,2164,0,1288,1767,0,2960,0,1293,2876,0,1296,680,0,1297,2682,0,1321,2754,0,3480,0,1342,2399,0,1388,2812,0,1419,1825,0,4586,0,1426,4842,0,1490,2146,0,3137,0,1555,641,0,2327,0,3160,0,1567,1990,0,1609,2913,0,1617,3864,0,1635,3344,0,1676,2982,0,3435,0,1744,445,0,1781,1837,0,1839,2704,0,1858,842,0,1881,4529,0,1892,1984,0,2946,0,4428,0,1900,2145,0,2889,0,1918,2290,0,4398,0,1922,4377,0,1960,3316,0,1982,3140,0,1983,3815,0,1988,1040,0,2003,1194,0,2022,265,0,1656,0,2023,3000,0,2027,4012,0,2051,660,0,2087,4087,0,2104,1563,0,4155,0,2105,1400,0,4340,0,2120,4818,0,2150,1384,0,2221,401,0,2222,2075,0,2243,3877,0,2418,4820,0,2466,2683,0,2519,1522,0,4718,0,4825,0,2523,2585,0,2599,891,0,2600,1708,0,2608,3724,0,4520,0,2622,65,0,2659,306,0,2667,1248,0,2677,4861,0,2733,153,0,2760,811,0,2765,850,0,2773,4727,0,2887,2888,0,2931,2577,0,4013,0,4703,0,3040,3346,0,3049,2328,0,3096,4696,0,3131,2343,0,3165,3441,0,4574,0,3228,3977,0,3360,3359,0,3364,1454,0,3379,1921,0,3392,2954,0,3402,160,0,3347,0,3429,4235,0,3534,4627,0,3624,1097,0,3700,4021,0,3707,912,0,3716,498,0,759,0,3728,1805,0,3746,1201,0,3060,0,3817,303,0,2373,0,3827,2163,0,2661,0,3829,2372,0,3947,733,0,4033,2048,0,4094,3141,0,4108,1105,0,4138,988,0,4090,0,4192,1304,0,4263,1468,0,4526,3621,0,4530,2591,0,4626,2874,0,4636,4633,0,4663,1634,0,4775,4164,0,4789,2121,0,4811,537,0,1675,0,2100,0,4812,0
22,65,4599,0,92,3358,0,158,1338,0,160,1169,0,179,178,0,228,3688,0,394,2428,0,537,3643,0,538,4032,0,567,312,0,569,568,0,711,3791,0,726,1963,0,728,2206,0,733,208,0,742,4587,0,808,3858,0,850,4634,0,890,4514,0,912,1427,0,929,4735,0,975,2518,0,1026,311,0,1105,3927,0,1200,737,0,1253,2379,0,1366,1365,0,2093,0,1744,1130,0,2014,2015,0,2048,4031,0,2112,2462,0,2151,668,0,2222,739,0,2325,2358,0,2572,2573,0,2812,397,0,2850,1841,0,3031,1623,0,3100,143,0,3131,4030,0,3281,3280,0,3427,849,0,3436,15,0,3441,3440,0,3944,320,0,4238,1830,0,4398,3833,0,4435,4436,0
23,52,51,0,224,223,0,227,1197,0,1483,0,312,4551,0,320,363,0,397,1356,0,625,624,0,1011,2039,0,1292,2144,0,1605,1544,0,1781,956,0,1782,1800,0,1881,1882,0,2015,1007,0,2151,3474,0,2157,2159,0,2518,4658,0,2954,4442,0,3031,373,0,3290,4175,0,3316,3317,0,3730,3731,0,3799,2223,0,4154,1901,0,4263,3168,0,4277,4537,0,4825,1363,0
24,68,2443,0,92,90,0,178,4612,0,227,16,0,2139,0,891,892,0,1007,4487,0,1016,1015,0,1078,2961,0,1197,2957,0,4662,0,1201,1584,0,1363,801,0,1455,1456,0,1483,1482,0,4528,0,1901,1031,0,1921,1923,0,1980,112,0,2075,2076,0,2157,2156,0,2295,2296,0,2324,2326,0,2498,3450,0,3048,2782,0,3409,3678,0,4398,685,0,4412,4413,0,4739,4740,0
25,82,81,0,266,264,0,455,457,0,680,3556,0,685,106,0,844,1213,0,948,949,0,956,55,0,917,0,4406,0,972,2805,0,1011,2975,0,1197,1736,0,1292,87,0,1314,1313,0,1454,1457,0,1623,2210,0,1767,1766,0,1882,2637,0,2039,587,0,687,0,2530,0,2051,2367,0,2151,443,0,2518,4372,0,2622,2621,0,2782,4666,0,3137,3139,0,3145,4467,0,3409,796,0,3474,2276,0,3716,3715,0,3731,3288,0,3775,3776,0,3833,3834,0,4487,3558,0,4514,231,0,420,0,4528,3938,0,4551,2470,0,4656,1048,0,4684,4685,0
26,357,2836,0,446,1396,0,472,471,0,587,4446,0,1007,3130,0,1197,1230,0,1867,0,1686,1687,0,1736,4016,0,1980,4064,0,2120,1357,0,2290,2289,0,2532,2533,0,3316,3319,0,3436,957,0,3460,2634,0,3678,4450,0,3715,3102,0,3731,1374,0,3776,4111,0,3834,1144,0,4447,0,3919,913,0,3985,2829,0,4032,4034,0,4514,1224,0,4662,3204,0,4740,3542,0
27,16,1082,0,624,72,0,668,3535,0,913,3511,0,975,976,0,1007,1869,0,1144,1312,0,1213,635,0,1230,3544,0,3891,0,1313,1311,0,1345,1346,0,1536,2992,0,1736,489,0,1800,1533,0,1801,0,1867,1868,0,2076,1788,0,2089,2088,0,2466,2463,0,2796,296,0,2963,2962,0,3227,632,0,3319,170,0,3450,1672,0,3556,602,0,3731,3732,0,3823,4590,0,4413,4411,0,4551,4116,0
28,72,3971,0,4882,0,87,1905,0,90,3631,0,224,222,0,687,512,0,2055,0,957,958,0,1048,814,0,1230,1231,0,2770,0,1363,3103,0,1374,1120,0,1546,1547,0,1620,3908,0,1736,1371,0,1749,1341,0,1788,1807,0,1923,1920,0,2051,2050,0,2156,2158,0,2711,2712,0,2773,2774,0,2805,1818,0,3031,1879,0,3048,817,0,3204,4076,0,3440,3439,0,3474,3477,0,3701,619,0,4218,0,3728,3946,0,3799,790,0,4111,3767,0,4303,4770,0,4309,4307,0,4446,513,0,4658,3846,0,4812,856,0
29,16,694,0,52,1995,0,90,982,0,312,344,0,363,4870,0,489,1674,0,512,825,0,513,1639,0,687,1780,0,814,815,0,844,1416,0,1207,1209,0,1231,591,0,1489,2245,0,1705,1703,0,1749,1770,0,1807,4001,0,1901,3320,0,1920,2539,0,4457,0,2076,552,0,2144,86,0,2373,2374,0,2498,3300,0,2770,1866,0,3102,1089,0,3204,3909,0,3721,1208,0,3728,4908,0,3938,63,0,2528,0,3971,4257,0,4309,4308,0,4528,4889,0,4882,2639,0
30,16,20,0,90,388,0,513,1222,0,4568,0,552,549,0,3758,0,4107,0,825,1394,0,844,2034,0,1228,1229,0,1341,1937,0,1744,1745,0,1780,2299,0,1782,783,0,1882,3084,0,1901,3321,0,1920,2965,0,2055,4582,0,2508,2511,0,2539,1898,0,2541,2253,0,2601,2603,0,2634,3336,0,3048,3046,0,3439,517,0,3511,1459,0,1667,0,3631,575,0,4284,0,4645,0,3731,352,0,3846,1600,0,4030,4029,0,4218,4877,0,4232,4230,0,4372,94,0,4662,3342,0,4770,4769,0
