1,2160,3255,0
2,2160,4238,0
3,2160,2896,0,4238,3432,0
4,2896,91,0,3294,0,3432,853,0
5,91,2796,0,2896,3527,0,3432,743,0
6,2796,4669,0
7,91,1045,0,1624,0,743,1971,0,853,4545,0,2896,3964,0,3527,3378,0,4238,4286,0
8,743,1151,0,2505,0,853,179,0,896,0,1045,1530,0,1971,800,0,928,0,1686,0,1991,0,2353,0,2514,0,3108,0,3831,0,4080,0,3378,2657,0,2972,0,3964,1378,0,4669,732,0,1218,0
9,179,2020,0,743,3223,0,800,2116,0,2140,0,2212,0,2930,0,3427,0,3533,0,4729,0,853,2197,0,928,36,0,592,0,623,0,1353,0,2929,0,3189,0,1045,4890,0,1530,1043,0,1686,369,0,1174,0,1726,0,2550,0,3136,0,3459,0,4387,0,4580,0,1971,185,0,1987,0,2624,0,2810,0,3113,0,4127,0,4737,0,1991,84,0,713,0,1162,0,4408,0,2353,4809,0,2514,1173,0,1543,0,1996,0,3266,0,3900,0,2657,913,0,2656,0,2972,2337,0,3108,750,0,3848,0,4753,0,3378,1044,0,3831,211,0,480,0,560,0,1916,0,1970,0,3183,0,4752,0,4080,2114,0,2473,0,3406,0,3713,0,3920,0
10,36,1276,0,2073,0,84,456,0,1502,0,1782,0,2074,0,2325,0,3460,0,3508,0,3777,0,185,544,0,1689,0,2238,0,2807,0,2826,0,3521,0,211,126,0,346,0,1983,0,3537,0,369,1017,0,1690,0,480,1386,0,3898,0,3967,0,560,1620,0,2784,0,3801,0,4102,0,592,499,0,3395,0,623,384,0,2477,0,3327,0,713,537,0,826,0,902,0,1797,0,2414,0,3060,0,3404,0,3619,0,3775,0,4138,0,4437,0,4820,0,4880,0,750,1278,0,1300,0,1536,0,3181,0,3669,0,3672,0,3699,0,3824,0,4922,0,928,645,0,1375,0,2524,0,2925,0,1151,296,0,1162,4354,0,4400,0,1173,451,0,1038,0,2478,0,4371,0,1174,1783,0,1353,193,0,376,0,2122,0,2787,0,4824,0,1378,1381,0,1543,2123,0,2488,0,4656,0,1686,1087,0,2257,0,2652,0,3803,0,1726,337,0,2559,0,4186,0,4294,0,4829,0,1916,1178,0,1696,0,4260,0,4672,0,1970,2089,0,2426,0,4702,0,1971,2606,0,4104,0,1991,1875,0,2115,0,3034,0,3297,0,3899,0,4265,0,2114,4050,0,2116,492,0,4262,0,4329,0,2140,1298,0,1595,0,1980,0,1985,0,2809,0,3062,0,3616,0,2212,751,0,929,0,3663,0,2337,906,0,2353,3507,0,3627,0,2514,304,0,1958,0,3753,0,4093,0,4720,0,2550,120,0,2222,0,4374,0,2624,4773,0,2657,2658,0,4063,0,2810,124,0,2602,0,4402,0,2929,2802,0,3830,0,2930,1340,0,1981,0,3380,0,3391,0,3113,3245,0,4433,0,3136,835,0,1252,0,2623,0,3143,0,3665,0,4364,0,4856,0,3183,367,0,1207,0,2469,0,2969,0,3189,1088,0,2887,0,3266,3985,0,4454,0,3406,368,0,1548,0,1769,0,2786,0,3427,945,0,1619,0,3070,0,3459,2508,0,3533,134,0,196,0,845,0,3396,0,4277,0,3713,1698,0,1968,0,2542,0,3135,0,3986,0,3848,2094,0,3823,0,3900,712,0,3145,0,3227,0,3920,3430,0,4127,1345,0,4238,493,0,4387,356,0,869,0,2544,0,4408,1429,0,1470,0,1838,0,4554,0,4580,2496,0,4081,0,4472,0,4624,0,4729,122,0,4568,0,4737,2001,0,2014,0,2340,0,2352,0,3114,0,3409,0,4752,590,0,2769,0,4278,0,4809,1771,0,3361,0
11,36,3488,0,120,709,0,809,0,2220,0,2241,0,2295,0,126,545,0,846,0,2148,0,3101,0,3954,0,134,225,0,185,383,0,1960,0,2728,0,3806,0,193,2977,0,196,4328,0,304,25,0,1077,0,2702,0,337,1554,0,1979,0,4923,0,346,184,0,844,0,2708,0,356,2653,0,3058,0,367,2306,0,368,570,0,642,0,736,0,4370,0,4426,0,4488,0,376,44,0,3312,0,451,340,0,3226,0,480,2461,0,492,3670,0,3782,0,4636,0,499,2472,0,4223,0,537,187,0,569,0,1026,0,1693,0,3737,0,4154,0,4670,0,560,4731,0,592,147,0,623,4133,0,645,2491,0,4250,0,4261,0,712,440,0,1743,0,1847,0,2734,0,3752,0,713,160,0,326,0,518,0,808,0,989,0,1679,0,2889,0,751,2,0,3311,0,4736,0,826,2575,0,3867,0,835,2703,0,3410,0,4910,0,845,2709,0,3265,0,869,1168,0,902,192,0,2098,0,2327,0,2464,0,3791,0,3814,0,928,951,0,929,1157,0,3332,0,4828,0,945,399,0,2773,0,3379,0,4434,0,4727,0,1017,3857,0,4190,0,1087,3239,0,1088,812,0,1162,438,0,1163,0,4136,0,4909,0,1173,2513,0,1178,479,0,3652,0,1207,847,0,3263,0,4591,0,1252,864,0,1298,2764,0,3617,0,4321,0,1300,1153,0,1340,1910,0,4566,0,1353,4101,0,4675,0,1386,731,0,1992,0,1429,110,0,582,0,1546,0,1954,0,1470,213,0,3604,0,3953,0,1536,65,4360,318,4599,742,0,1634,0,3350,0,3858,0,1543,2002,0,2049,0,2825,0,4763,0,1548,145,0,1619,3756,0,1620,226,0,1686,4353,0,1689,2294,0,2959,0,3600,0,4237,0,1690,3519,0,1726,212,0,3984,0,4473,0,4623,0,4655,0,1769,2330,0,3625,0,4132,0,1771,3014,0,3730,0,1782,252,0,1783,1228,0,2099,0,3144,0,1797,1376,0,1838,348,0,1875,1972,0,1958,354,0,4301,0,1968,1180,0,1980,1893,0,1981,4879,0,1983,994,0,4818,0,1991,2213,0,2073,1387,0,4461,0,2089,2120,0,2094,3205,0,3676,0,3981,0,2114,2157,0,2455,0,2123,3291,0,3922,0,4360,0,2222,394,0,2243,0,2587,0,4211,0,4743,0,4810,0,2257,2710,0,2340,4305,0,2414,1881,0,2112,0,3374,0,4108,0,2469,2021,0,2072,0,2488,3729,0,2496,546,0,2508,4646,0,2514,3236,0,3952,0,4625,0,2524,1049,0,2095,0,2542,2199,0,2550,4626,0,2559,109,0,4858,0,2602,4674,0,2606,1575,0,2623,813,0,2624,4188,0,2652,3594,0,2658,4706,0,2769,4252,0,4327,0,2784,470,0,1911,0,2786,2016,0,4519,0,2787,3860,0,2807,319,0,1503,0,2810,2423,0,2826,4452,0,2896,1208,0,2969,4730,0,3034,610,0,3060,1133,0,2048,0,2661,0,4832,0,3108,3671,0,3135,1717,0,3136,4505,0,3143,4664,0,3181,1588,0,3223,3302,0,3227,4550,0,3245,3563,0,3266,1101,0,4435,0,3297,189,0,1535,0,3361,931,0,1253,0,1262,0,1892,0,2022,0,3026,0,3378,1459,0,3582,0,3380,2654,0,3142,0,3409,4821,0,3430,553,0,3459,3601,0,3460,2266,0,3527,4779,0,3619,1901,0,2622,0,3665,305,0,2200,0,3669,1534,0,1885,0,3672,349,0,3823,2711,0,3824,798,0,3898,1914,0,3900,3433,0,3967,3281,0,4102,2141,0,4104,865,0,4138,625,0,2051,0,3341,0,3701,0,4525,0,4265,4509,0,4354,4863,0,4374,3117,0,3175,0,4400,2727,0,4408,491,0,3468,0,4433,3708,0,4437,82,0,660,0,1202,0,1254,0,2100,0,3080,0,4624,347,0,3778,0,4718,0,4656,3360,0,4732,0,4720,559,0,4752,3757,0,4820,3270,0,3724,0,4340,0,4829,2772,0,4880,311,0,455,0,1419,0,2093,0
12,25,3728,0,65,1682,0,110,1553,0,124,1599,0,147,558,0,1056,0,3550,0,160,1544,0,3357,0,3429,0,3707,0,4588,0,187,2113,0,3254,0,3436,0,3874,0,192,1169,0,1170,0,1290,0,1790,0,211,2753,0,212,810,0,252,2351,0,296,2047,0,305,891,0,1097,0,311,551,0,2585,0,3347,0,3520,0,3700,0,318,639,0,2523,0,3586,0,3746,0,4842,0,319,1840,0,347,150,0,1495,0,1922,0,3372,0,3425,0,4014,0,4428,0,348,3290,0,349,469,0,383,1997,0,394,1248,0,1293,0,1576,0,4377,0,399,973,0,2162,0,2328,0,2601,0,440,4686,0,455,359,0,567,0,988,0,1234,0,1617,0,1675,0,491,2733,0,499,1198,0,518,1287,0,1999,0,3274,0,3945,0,4610,0,537,1538,0,2599,0,3870,0,3977,0,545,1074,0,560,3313,0,569,1549,0,623,677,0,2849,0,625,788,0,3096,0,660,1489,0,2540,0,3382,0,3864,0,713,28,0,942,0,732,900,0,4195,0,736,2541,0,742,851,0,2163,0,808,1201,0,1426,0,3829,0,846,3629,0,847,1596,0,865,1724,0,2377,0,2706,0,4028,0,4309,0,902,1,0,4660,0,928,3859,0,929,1744,0,3167,0,931,1223,0,1266,0,3458,0,945,121,0,153,0,1079,0,4455,0,989,2324,0,994,103,0,1249,0,1496,0,1984,0,2519,0,3140,0,1026,4827,0,1045,4920,0,1101,2572,0,4576,0,1133,345,0,2683,0,3698,0,1157,266,0,1263,0,2164,0,4193,0,1162,3031,0,1163,332,0,2102,0,3606,0,1168,1175,0,1202,1934,0,2942,0,3750,0,4090,0,1228,1455,0,1253,557,0,3446,0,4087,0,4304,0,1254,2518,0,1262,3441,0,1378,2756,0,1381,1379,0,1387,2754,0,1419,4012,0,1530,952,0,1536,4249,0,1543,1164,0,1546,2258,0,1554,2416,0,1575,2465,0,1595,2083,0,1619,1618,0,1679,1086,0,1846,0,3435,0,1690,3099,0,1693,498,0,1568,0,1767,0,3944,0,4021,0,1769,1770,0,1892,842,0,948,0,1385,0,1577,0,1705,0,3414,0,3480,0,4573,0,1960,2946,0,3449,0,1980,112,0,1983,401,0,883,0,4707,0,2002,1296,0,1626,0,2004,0,2736,0,2022,727,0,1383,0,2221,0,2401,0,3187,0,2048,4094,0,2051,4822,0,2093,993,0,3941,0,2100,726,0,2765,0,4339,0,2112,2084,0,2914,0,3137,0,4155,0,2120,216,0,1593,0,1841,0,4861,0,2123,138,0,2200,357,0,2222,820,0,2243,146,0,188,0,229,0,728,0,2075,0,3048,0,4661,0,2325,4179,0,2327,208,0,711,0,1491,0,4526,0,2414,1106,0,1594,0,4634,0,2423,1179,0,2464,1545,0,4924,0,2587,789,0,1129,0,2379,0,3165,0,3356,0,2602,2603,0,2622,1467,0,2608,0,2661,2418,0,2710,2712,0,2773,228,0,397,0,3358,0,4826,0,2889,303,0,1105,0,1366,0,4586,0,4696,0,2925,3426,0,2929,3564,0,2972,3515,0,3026,1134,0,2003,0,3815,0,4872,0,3060,4599,0,3080,3277,0,3113,3,0,3183,4715,0,3270,3621,0,3302,3301,0,3312,203,0,1465,0,3332,1041,0,3116,0,4605,0,3341,793,0,1900,0,3361,2567,0,3374,4520,0,3379,431,0,1959,0,1990,0,2677,0,2913,0,4412,0,3601,1858,0,3316,0,3619,3180,0,3676,3675,0,3701,3402,0,3724,4032,0,3737,2682,0,3778,1454,0,4236,0,3791,4857,0,3814,737,0,3624,0,3858,2960,0,3376,0,4138,2494,0,4154,433,0,975,0,2466,0,2760,0,4211,1130,0,3413,0,4340,1107,0,1329,0,4342,0,4434,1523,0,1567,0,2046,0,2577,0,2600,0,4622,0,4437,609,0,1288,0,2146,0,4568,32,0,4569,0,4591,4590,0,4624,102,0,1988,0,2209,0,4789,0,4626,2121,0,4670,2080,0,4732,1016,0,1646,0,4810,50,0,2151,0,2588,0,4818,52,0,716,0,3501,0,4820,538,0,2982,0,4828,1011,0,1304,0,2087,0,2762,0,3554,0,3709,0,4832,312,0,733,0,759,0,4880,473,0,1695,0,2373,0
13,1,1342,0,50,2667,0,65,2525,0,82,3160,0,3716,0,102,1708,0,2206,0,2999,0,3215,0,3442,0,103,180,0,121,158,0,1680,0,2045,0,2856,0,147,3987,0,150,3348,0,160,4733,0,187,1555,0,188,2813,0,4574,0,192,3827,0,228,2023,0,2398,0,229,1982,0,4577,0,303,2462,0,311,2372,0,332,882,0,1490,0,2517,0,347,3049,0,397,3774,0,399,99,0,446,0,3500,0,401,2147,0,440,439,0,455,2979,0,518,1963,0,3817,0,4196,0,4235,0,537,890,0,2145,0,538,1100,0,557,1154,0,558,395,0,567,641,0,2104,0,569,4811,0,609,850,0,639,680,0,1132,0,4663,0,677,678,0,711,1451,0,713,1427,0,716,597,0,1338,0,3040,0,728,1569,0,2963,0,3871,0,733,4031,0,742,190,0,788,2399,0,789,679,0,1918,0,793,811,0,1297,0,1563,0,820,1012,0,3344,0,4024,0,842,1194,0,1635,0,851,912,0,865,2821,0,3615,0,929,2281,0,931,1335,0,2205,0,942,4529,0,945,1839,0,4092,0,948,1388,0,973,195,0,640,0,975,1400,0,1825,0,1011,92,0,495,0,1016,1055,0,1044,3494,0,1056,3141,0,4679,0,1086,4587,0,1105,4025,0,1106,1354,0,1107,1108,0,4627,0,1134,1522,0,1151,1830,0,1169,3272,0,1174,773,0,1223,4192,0,1234,2027,0,1248,445,0,1249,862,0,1252,1251,0,1253,1921,0,1262,1321,0,3328,0,1287,1929,0,1288,1131,0,1304,3364,0,4462,0,1383,4375,0,1387,2704,0,1455,1458,0,1495,2290,0,1538,3901,0,1544,3927,0,1549,4033,0,1568,861,0,1576,1919,0,1577,3549,0,1618,3553,0,1620,3279,0,3760,0,1682,355,0,1705,2799,0,1744,2428,0,1767,3947,0,1846,2343,0,1858,2812,0,1892,1894,0,1916,1915,0,1922,2150,0,2820,0,1960,2931,0,2003,1609,0,2046,430,0,3599,0,2087,2088,0,2113,3061,0,2151,14,0,1808,0,2162,2876,0,4739,0,2209,1040,0,4013,0,2325,1071,0,2327,681,0,2337,2242,0,2377,3276,0,2414,1200,0,2505,1315,0,2519,2850,0,2567,3000,0,2601,2763,0,3167,2512,0,3157,0,3187,3069,0,4280,0,3270,2532,0,3301,2192,0,3356,265,0,3358,3346,0,3379,3877,0,3413,2659,0,3429,556,0,3458,2427,0,3480,2378,0,3501,1656,0,3550,4303,0,3604,339,0,3737,4030,0,3778,4704,0,3815,4096,0,3874,3534,0,4014,142,0,4032,3228,0,3643,0,4339,1605,0,4434,536,0,4526,2105,0,4568,2041,0,4610,3131,0,4718,3381,0,4727,1655,0,4789,3156,0,4861,738,0,4880,1821,0
14,14,3742,0,50,4719,0,92,1899,0,4684,0,188,4825,0,473,1676,0,495,306,0,536,224,0,569,273,0,842,843,0,862,4232,0,1151,1152,0,1503,2255,0,1620,2285,0,1705,1704,0,1808,1809,0,1918,1584,0,1983,3490,0,2072,3581,0,2088,4341,0,2378,2956,0,2519,4703,0,2567,1292,0,2733,3352,0,2763,1486,0,2889,2888,0,3000,2125,0,3096,3097,0,3145,814,0,3239,3237,0,3391,3392,0,3436,747,0,3594,2861,0,2862,0,3778,972,0,4030,1231,0,4032,3349,0,4087,1384,0,4094,4643,0,4096,4097,0,4277,220,0,4568,718,0
15,112,1672,0,312,2470,0,456,457,0,469,4334,0,747,1195,0,773,1081,0,865,509,4861,906,4164,0,1378,4362,0,1584,1587,0,1997,2297,0,2020,4594,0,2051,2367,0,2258,4242,0,2266,2268,0,2327,2329,0,2667,2666,0,2972,1667,0,3297,3296,0,3312,4156,0,3442,832,0,3581,672,0,4193,4191,0,4341,2915,0,4587,3997,0,4634,4633,0
16,457,4056,0,718,687,0,1483,0,850,3711,0,1164,1166,0,1231,512,0,1315,1312,0,1587,1598,0,2529,0,1599,2479,0,1695,1694,0,1771,1772,0,2041,20,0,2427,2429,0,3494,458,0,3627,3628,0,3760,511,0,4030,983,0,4094,408,4280,4195,4775,0,4454,4451,0,4594,3919,0,4633,2543,0,4495,0
17,32,1197,0,368,2443,0,446,4379,0,458,459,0,511,2665,0,718,297,0,747,15,0,773,1735,0,844,2875,0,1081,2745,0,1130,2684,0,1151,4855,0,1231,4016,0,1483,513,0,2530,0,4076,0,1503,2689,0,1809,2726,0,2732,0,1918,13,0,2041,587,0,694,0,2258,2691,0,2479,3868,0,2505,3505,0,2666,4831,0,2820,2815,0,2861,328,0,3180,3179,0,3312,3110,0,3341,3343,0,3392,2954,0,3442,3439,0,3581,3384,0,3599,3602,0,4030,2039,0,4495,1073,0,4519,4522,0,4590,4764,0,4633,405,0
18,3,2482,0,20,63,0,1866,0,405,2436,0,512,1082,0,4446,0,513,1639,0,687,1394,0,718,16,0,3342,0,747,746,0,832,81,0,1073,1072,0,1074,1075,0,1077,1078,0,1197,825,0,2299,0,3544,0,1231,2774,0,1304,1305,0,1419,1420,0,1675,378,0,1704,1956,0,1767,1766,0,1808,2390,0,1894,1402,0,2145,1699,0,2209,2208,0,2297,3863,0,2530,3891,0,3938,0,2745,3917,0,2862,3154,0,3236,3238,0,3515,3511,0,3549,3548,0,3601,3251,0,3829,3828,0,4076,2957,0,4277,281,0,4301,4300,0,4775,4776,0
19,297,3204,0,328,330,0,405,4107,0,473,474,0,718,757,0,1867,0,890,231,0,993,990,0,1044,3345,0,1073,1792,0,2614,0,1082,227,0,2139,0,1201,685,0,1231,3880,0,1483,1481,0,4528,0,1563,1562,0,1599,1274,0,1620,2256,0,1639,2493,0,1808,2044,0,1894,3572,0,1999,1998,0,2039,3909,0,2041,1734,0,2098,1116,0,2329,884,0,2776,0,2390,2730,0,2436,549,0,1573,0,2530,1868,0,2541,2251,0,2543,1807,0,2291,0,2728,3073,0,2815,581,0,2820,4268,0,3302,46,0,3439,3438,0,3544,734,0,3627,3626,0,4076,4616,0,4156,2986,0,4569,1356,0,4831,416,0
20,13,3833,0,16,1003,0,50,49,0,672,4649,0,718,1371,0,2055,0,734,3847,0,1040,4181,0,1197,591,0,1465,2863,0,1573,3666,0,1599,1917,0,3846,0,1735,76,0,1792,705,0,1922,1923,0,2002,730,0,2039,648,0,2041,2042,0,2482,3012,0,2493,4316,0,2543,630,0,4318,0,3179,3051,0,3204,1780,0,3202,0,3439,4582,0,3468,3469,0,3515,2851,0,3581,2880,0,3760,3761,0,3863,554,0,3917,598,0,4446,4889,0,4610,4609,0,4764,4466,0
21,16,4662,0,81,833,0,473,472,0,598,653,0,672,3741,0,705,1434,0,832,834,0,929,4183,0,1197,4343,0,1201,4177,0,1312,1311,0,1402,2229,0,1426,1425,0,1639,1640,0,1734,1736,0,1792,436,0,2044,4140,0,2493,2397,0,3851,0,2530,2770,0,2614,907,0,2475,0,4699,0,2684,2593,0,2736,2735,0,2957,1230,0,3439,2528,0,3760,1033,0,3909,3908,0,4056,4850,0,4412,4413,0,4466,3855,0,4495,1182,0
22,16,1674,0,220,221,0,2918,0,408,4307,0,436,3895,0,549,1474,0,581,578,0,687,517,0,705,753,0,730,729,0,929,930,0,1108,1089,0,1312,1213,0,1496,1977,0,1536,240,4572,1792,235,0,1809,2860,0,4444,0,1894,2843,0,2192,2191,0,2297,4492,0,2390,2639,0,2397,2396,0,2482,3465,0,2543,3843,0,2614,4293,0,2684,116,0,2760,2759,0,2957,3994,0,3154,2057,0,4178,0,3728,1805,0,3730,3733,0,3741,443,0,3855,2474,0,3908,3886,0,4127,2917,0,4318,1473,0,4764,1888,0
23,235,692,0,4698,0,330,329,0,405,1034,0,1149,0,443,3535,0,598,2676,0,678,2029,0,907,3024,0,990,1114,0,1003,2161,0,1311,1030,0,1473,4916,0,1483,489,0,1599,2260,0,4350,0,1639,3630,0,1807,3516,0,1888,2793,0,2795,0,2045,4585,0,2396,982,0,2397,1267,0,4612,0,2436,4001,0,2474,1833,0,2475,827,0,2479,362,0,2825,2827,0,3167,3168,0,3409,636,0,3441,3440,0,3505,3506,0,3515,4786,0,3833,3834,0,3847,4389,0,3886,3390,0,4148,0,3908,1842,0,3977,3976,0,3994,3721,0,4127,4128,0,4136,4139,0,4293,1181,0,4316,1611,0,4318,550,0,4466,2965,0
24,13,765,0,235,162,0,330,1973,0,2091,0,416,417,0,550,1795,0,587,4876,0,753,3758,0,757,755,0,827,3289,0,982,1382,0,4258,0,1017,1015,0,1181,60,0,1267,1826,0,1274,1585,0,1536,2992,0,1573,819,0,1611,3242,0,1771,1773,0,1780,586,0,1875,1876,0,1956,1320,0,2044,830,0,831,0,2297,3450,0,2436,3512,0,3835,0,2474,3557,0,2639,4882,0,2732,2043,0,2843,2841,0,2957,2958,0,3048,3046,0,3073,1678,0,3469,1556,0,3886,4045,0,3976,2905,0,4076,1909,0,4183,1084,0,4466,575,0,4816,0,4585,3355,0,4698,3894,0,4764,1273,0
25,160,159,0,329,331,0,417,1410,0,3247,0,446,1404,0,636,635,0,740,0,653,2695,0,831,1628,0,850,2358,0,1078,3225,0,1114,4847,0,1181,721,0,1382,1222,0,4129,0,4471,0,1454,1457,0,1473,552,0,1474,1060,0,1573,3754,0,1640,1641,0,1809,2637,0,2020,3087,0,2291,2076,0,2639,3084,0,2691,2259,0,2793,2597,0,4767,0,2795,2794,0,2917,2916,0,4145,0,3046,1167,0,3289,522,0,3355,4271,0,3465,3466,0,3516,4931,0,3557,2996,0,3630,3667,0,3728,3881,0,3886,2615,0,4014,2738,0,4232,4230,0,4350,4351,0,4492,2498,0,4889,666,0
26,362,3340,0,522,4645,0,575,1424,0,587,589,0,666,379,0,692,775,0,721,133,0,729,1240,0,765,1601,0,827,1515,0,982,1430,0,1089,3541,0,1222,1748,0,1312,3683,0,1404,4491,0,1481,1482,0,1486,1219,0,1641,836,0,1888,1889,0,2614,481,0,2820,2035,0,2954,4442,0,3048,817,0,3512,3686,0,3667,3052,0,4001,4002,0,4318,406,0,4582,4869,0,4612,4060,0
27,231,4514,0,685,106,0,1114,1447,0,2901,0,1219,361,0,1267,3595,0,1273,1272,0,1311,1314,0,1382,1898,0,1419,1421,0,1420,4323,0,1424,1516,0,1430,4469,0,1549,1551,0,1599,2973,0,1628,1627,0,1667,2336,0,1748,4284,0,1973,4010,0,2035,535,0,2732,3093,0,2917,986,0,3052,2947,0,3225,2961,0,3409,1856,0,3512,1561,0,3572,3573,0,4094,4091,0,4139,4137,0,4307,1761,0,4582,4583,0,4612,2298,0,4739,4740,0,4889,3250,0,4931,3810,0
28,106,3923,0,549,4759,0,666,3199,0,982,388,0,1382,2492,0,1585,3805,0,4398,0,1748,981,0,1910,968,0,2057,2056,0,2058,0,3056,0,2358,2359,0,2615,2616,0,2666,760,0,2843,4929,0,2905,2903,0,2947,2948,0,4506,0,3052,90,0,1920,0,3686,684,0,3733,4247,0,3741,2276,0,3834,1144,0,3881,4908,0,4097,962,0,4183,3085,0
29,329,1784,0,406,1463,0,535,4298,0,819,1788,0,834,3799,0,3800,0,836,626,0,982,3066,0,1089,3104,0,1114,898,0,1181,4894,0,1447,4217,0,1549,1550,0,1599,4372,0,1627,3992,0,2058,3498,0,2614,4927,0,2616,976,0,2759,2761,0,2996,3631,0,3340,23,0,3834,1817,0,4284,1412,0,4318,3918,0,4649,4648,0
30,281,279,0,550,2179,0,554,2417,0,4201,0,635,1216,0,740,4728,0,760,2783,0,830,1738,0,831,3039,0,1213,2393,0,1404,1517,0,1447,2928,0,1788,754,0,2616,689,0,3199,2272,0,3409,796,0,3881,3946,0,4284,1150,0,4372,94,0,4495,3734,0,4612,415,0,1237,0,4740,4106,0,4931,720,0
