1,2396,4258,0
2
3,4258,388,0
4,388,3991,0,4141,0
5,2396,2539,0
6,3991,90,0,4471,0
7,2396,1920,0,4471,2475,0
8,90,1516,0,3052,0,4465,0,4471,3595,0
9,90,1639,0,3066,0,1920,2996,0,4506,0,3052,827,0,3991,981,0,4316,0,4141,4000,0
10,1920,4129,0,2475,1060,0,2614,0,2996,4645,0,4000,2554,0
11,90,3242,0,827,3851,0,1920,1430,0,2396,982,0,2614,4495,0,2996,1273,0,4129,2965,0,4506,513,0,1611,0
12,90,2493,0,513,1780,0,1430,1267,0,4764,0,2614,3894,0,4000,3658,0,4129,4816,0,4316,1645,0,4495,1792,0
13,1273,1382,0,1430,1424,0,1780,983,0,1792,481,0,2475,692,0,1149,0,2965,1150,0,3242,4466,0,3851,3289,0,3852,0,3991,3667,0,4495,3895,0,4816,3855,0
14,692,1034,0,4001,0,1149,4293,0,4317,0,1273,1275,0,1382,932,0,1611,575,0,1645,1222,0,4469,0,1780,1230,0,2965,1833,0,2739,0,3242,3557,0,3851,2172,0,3853,0,3894,4318,0,3895,1181,0,4495,1788,0,4506,1826,0
15,983,4568,0,1275,4644,0,1645,1644,0,3242,1244,0,1898,0,3894,549,0,3895,436,0,4001,775,0,1073,0,4316,2492,0,2947,0,4318,1434,0,4759,0
16,692,2543,0,775,133,0,982,1748,0,983,1867,0,3938,0,1073,4698,0,1275,4560,0,1434,552,0,819,0,1788,1807,0,4927,0,1792,721,0,2739,2737,0,2740,0,3242,3244,0,3289,2474,0,3895,630,0,753,0,4001,684,0,4469,4470,0,4495,405,0,4568,2770,0,4759,4757,0
17,133,4633,0,405,3666,0,552,1474,0,575,573,0,684,683,0,705,0,692,694,0,2436,0,721,1182,0,2076,0,982,1412,0,1792,3512,0,1867,4030,0,4662,0,2543,60,0,2770,512,0,2039,0,3667,2397,0,3894,3896,0,4316,3631,0,4495,162,0
18,405,4699,0,549,548,0,694,687,0,4446,0,721,533,0,932,933,0,1273,3771,0,1434,1573,0,1807,3810,0,1867,2530,0,3342,0,2039,587,0,2040,0,3938,586,0,2139,0,4293,1874,0,4317,3122,0,4134,0,4560,2607,0,4757,2291,0,3749,0
19,512,825,0,2299,0,933,2805,0,1182,3843,0,1474,1561,0,1807,3758,0,1833,1831,0,2530,4528,0,2770,1082,0,1483,0,2947,4284,0,3122,3121,0,3342,227,0,3512,1473,0,3938,16,0,4317,2819,0,4568,32,0,2528,0
20,405,1795,0,549,235,0,406,0,575,1515,0,587,4016,0,687,1231,0,2774,0,819,3835,0,1082,2041,0,1267,4457,0,1483,1480,0,1611,3217,0,1831,1832,0,2039,1011,0,2139,1674,0,3880,0,2492,1737,0,3749,1648,0,2998,0,4030,3909,0,4889,0,4293,3686,0,4528,1736,0,4759,754,0
21,533,2419,0,1011,121,0,929,0,1609,0,2290,0,2398,0,2884,0,1674,1371,0,2039,718,0,2041,3204,0,2528,63,0,3810,3516,0,3880,2957,0,4528,2529,0
22,16,1868,0,32,3439,0,121,1577,0,1724,0,3381,0,3778,0,162,720,0,587,3847,0,825,489,0,929,1340,0,1569,0,1635,0,2600,0,2850,0,2887,0,3157,0,3263,0,1011,738,0,1134,0,1338,0,2813,0,1609,102,0,1253,0,1388,0,2206,0,2821,0,4092,0,2290,2162,0,3815,0,4727,0,2398,862,0,2931,0,3379,0,4304,0,2737,3216,0,4317,3918,0
23,16,20,0,102,2150,0,3276,0,3356,0,3871,0,121,1041,0,1383,0,2659,0,2762,0,4828,0,718,2055,0,738,1522,0,1593,0,2046,0,2567,0,2587,0,2736,0,3500,0,4412,0,825,297,0,862,92,0,1705,0,2087,0,2328,0,2577,0,2706,0,3026,0,4013,0,929,99,0,1249,0,1911,0,3328,0,3860,0,4250,0,1011,347,0,1296,0,1921,0,2667,0,2704,0,3549,0,3987,0,4331,0,1253,147,0,158,0,306,0,716,0,1251,0,1858,0,1984,0,1273,3630,0,1338,394,0,399,0,948,0,3069,0,1340,2491,0,2711,0,3181,0,3313,0,1382,1747,0,1388,883,0,973,0,1321,0,3709,0,1480,1482,0,1569,4818,0,1577,727,0,789,0,1387,0,2023,0,3427,0,4707,0,1635,1194,0,1263,0,1454,0,4718,0,1724,2856,0,4789,0,2162,146,0,3774,0,4703,0,2206,180,0,224,0,1012,0,2290,2075,0,2378,0,3040,0,3615,0,4622,0,4684,0,2398,820,0,2419,4710,0,2600,50,0,2121,0,3156,0,3364,0,4825,0,2774,616,0,947,0,1348,0,2813,265,0,1626,0,2763,0,2799,0,3449,0,2821,1708,0,3601,0,2850,994,0,2754,0,3141,0,4679,0,2887,2083,0,2122,0,2469,0,2709,0,3113,0,2957,1866,0,3157,679,0,1293,0,1304,0,2147,0,2379,0,3413,0,3263,2606,0,3101,0,3663,0,4433,0,3379,446,0,1292,0,3167,0,4704,0,3381,397,0,3778,865,0,3414,0,3776,0,3815,1576,0,4236,0,4303,0,3835,3693,0,3894,270,0,3918,1778,0,4092,597,0,4304,1079,0,1495,0,3140,0,4446,648,0,4582,0,4633,4770,0,4727,195,0
24,16,1003,0,92,2377,0,99,395,0,2401,0,3116,0,102,1223,0,2151,0,3372,0,3501,0,121,1130,0,1384,0,4462,0,133,132,0,146,445,0,495,0,147,842,0,1049,0,1588,0,2969,0,3332,0,3380,0,4675,0,4719,0,158,1990,0,2876,0,3877,0,4232,0,180,557,0,558,0,195,2003,0,224,1040,0,2601,0,4605,0,4826,0,265,229,0,1266,0,347,1129,0,4577,0,394,3480,0,397,945,0,1056,0,1892,0,446,2519,0,597,188,0,4024,0,4661,0,727,3346,0,3554,0,738,52,0,3049,0,789,2733,0,3458,0,4810,0,820,2045,0,4434,0,825,1394,0,862,401,0,4626,0,865,103,4520,639,0,811,0,891,0,2399,0,4136,0,4377,0,883,2205,0,929,499,0,560,0,2849,0,3189,0,3831,0,4193,0,948,1262,0,1567,0,973,430,0,2120,0,2773,0,994,228,0,536,0,2963,0,3442,0,1011,1839,0,1012,1918,0,2243,0,2677,0,1041,1385,0,1079,680,0,4094,0,1194,1959,0,1249,266,0,1988,0,2222,0,1253,640,0,1523,0,1263,3358,0,4861,0,1292,1655,0,1293,2221,0,3550,0,4192,0,1296,2002,0,2428,0,2999,0,3215,0,1304,1248,0,3441,0,1321,2209,0,4096,0,4455,0,1348,2006,0,1387,226,0,3699,0,3848,0,4262,0,4736,0,4753,0,1454,3425,0,1515,258,0,755,0,1522,728,0,1335,0,1593,2946,0,1635,4211,0,1708,1922,0,1747,1019,0,1911,2769,0,3564,0,4132,0,2023,4014,0,2075,3361,0,2083,124,0,479,0,1353,0,2087,3000,0,3344,0,4280,0,2122,545,0,951,0,1717,0,1968,0,4278,0,2147,1744,0,4428,0,2150,2913,0,2378,129,0,2397,4060,0,2469,122,0,1696,0,2461,0,4752,0,2491,1298,0,2624,0,3563,0,2528,3891,0,2567,4087,0,2606,480,0,2199,0,3616,0,2667,1983,0,2704,1656,0,1899,0,1982,0,2706,2707,0,2709,1074,0,1153,0,1971,0,2073,0,2711,3757,0,2737,2955,0,2754,1680,0,2022,0,2762,3165,0,2887,3,0,623,0,812,0,3625,0,3830,0,2931,1154,0,3101,2764,0,4188,0,4519,0,3113,1276,0,2212,0,3070,0,3140,3139,0,3141,3142,0,3167,3599,0,3181,1885,0,2072,0,2423,0,3183,0,4674,0,3217,4099,0,3263,134,0,1180,0,1910,0,3898,0,4327,0,3276,153,0,2588,0,3313,1386,0,2116,0,3395,0,3954,0,3328,431,0,3364,3348,0,3427,1595,0,1619,0,2753,0,3488,0,3617,0,4573,0,3439,591,0,3500,1841,0,3549,4872,0,3601,2294,0,3775,0,4625,0,3663,368,0,750,0,1179,0,2802,0,3774,972,0,3847,3744,0,4389,0,3860,3801,0,3871,2812,0,4236,1157,0,4739,0,4250,844,0,1300,0,4304,2427,0,4433,2095,0,3245,0,4528,1197,0,4633,4931,0,4789,1496,0,4927,1479,0
25,3,44,0,433,0,4599,0,52,931,0,122,384,0,2426,0,3669,0,3823,0,124,3327,0,3986,0,4372,0,134,2094,0,3533,0,4329,0,4672,0,147,2,0,153,1919,0,162,550,0,224,4375,0,226,3652,0,347,3187,0,368,1916,0,2114,0,3034,0,3062,0,3519,0,3752,0,4371,0,401,4574,0,499,498,0,545,470,0,1375,0,560,1620,0,2465,0,586,4904,0,591,590,0,597,4624,0,623,2784,0,3396,0,639,788,0,1288,0,3180,0,3791,0,3814,0,3945,0,4309,0,680,4437,0,750,677,0,1178,0,3135,0,4223,0,811,660,0,890,0,812,3406,0,862,864,0,865,340,4737,1162,0,1354,0,2163,0,3096,0,891,3429,0,3927,0,4155,0,929,3085,0,951,1575,0,4252,0,994,2820,0,1019,3208,0,1049,1534,0,1079,3048,0,1153,4321,0,1154,150,0,1179,1596,0,1992,0,3391,0,3756,0,1180,2925,0,3430,0,1276,2306,0,1298,569,0,1301,0,1300,3671,0,1353,469,0,592,0,2542,0,3672,0,3967,0,4402,0,1386,4730,0,1515,522,0,1588,126,0,846,0,2602,0,3670,0,4328,0,1595,1198,0,2016,0,3708,0,1619,798,0,1548,0,1724,1960,0,1795,3203,0,1885,4050,0,4879,0,1910,645,0,800,0,1911,225,0,3859,0,1968,376,0,2473,0,3205,0,1971,900,0,4400,0,1983,2089,0,2002,2702,0,3114,0,4858,0,2022,2021,0,2045,2164,0,2072,3311,0,4260,0,2073,928,0,2654,0,2810,0,2083,3108,0,3281,0,2095,570,0,847,0,2116,184,0,2120,736,0,1278,0,2122,2809,0,2199,367,0,4488,0,2212,3312,0,2221,2223,0,2222,2478,0,4737,0,2294,1840,0,2572,0,2399,537,0,1427,0,2622,0,2960,0,3586,0,4249,0,2423,2524,0,3629,0,2469,2708,0,2491,36,0,2606,1536,0,1985,0,4102,0,2711,346,0,3782,0,2733,491,0,1546,0,1771,0,4623,0,2737,2184,0,3969,0,2764,2148,0,2802,1980,0,2141,0,2849,1914,0,2850,2512,0,2969,2157,0,3070,1698,0,4277,0,3101,751,0,4636,0,3139,2865,0,3142,2930,0,3181,553,0,2929,0,4461,0,3183,3981,0,3245,193,0,492,0,4729,0,3263,4702,0,3313,1207,0,3361,4244,0,4426,0,4509,0,3380,2541,0,2786,0,3395,3920,0,3427,196,0,1088,0,3516,4107,0,3549,3551,0,3564,349,0,3744,3544,0,4869,0,3775,1783,0,3831,2977,0,3848,3426,0,4101,0,3954,731,0,2330,0,4094,882,4718,1490,0,1693,0,1881,0,1893,0,3806,0,3864,0,4342,0,4136,1847,0,4237,0,4250,3265,0,4262,3713,0,4327,2472,0,4389,4076,0,4625,337,0,354,0,813,0,1252,0,4626,1077,0,1710,0,1972,0,1979,0,4674,4566,0
26,2,1970,0,3,538,0,2683,0,3465,0,103,3446,0,225,2787,0,258,261,0,337,1017,0,2653,0,340,356,0,2710,0,349,3537,0,354,339,0,4821,0,367,3676,0,368,211,0,4472,0,433,1901,0,2105,0,4090,0,446,1396,0,470,2455,0,4773,0,491,1228,0,2123,0,3144,0,3857,0,4923,0,492,4731,0,498,1105,0,1202,0,1290,0,3350,0,3619,0,537,65,0,1767,0,2145,0,3160,0,553,845,0,2140,0,569,912,0,1132,0,2914,0,4660,0,4822,0,639,2414,0,3624,0,4663,0,648,1734,0,660,187,0,737,0,1254,0,1821,0,3977,0,4832,0,788,28,0,733,0,1594,0,2027,0,4811,0,811,192,0,1491,0,812,4080,0,813,1101,0,864,1170,0,1535,0,2098,0,3239,0,3360,0,4265,0,865,559,0,1900,0,3698,0,4880,0,882,993,0,1563,0,1676,0,4525,0,4733,0,890,332,0,2540,0,4526,0,4610,0,891,2084,0,4924,0,900,1624,0,3582,0,994,995,0,1077,305,0,1797,0,1838,0,2550,0,1088,4922,0,1162,1690,0,3291,0,3984,0,1252,1173,0,1255,0,2241,0,4763,0,4863,0,1288,160,0,609,0,1679,0,1354,208,0,1549,0,1568,0,2517,0,1427,473,0,2093,0,3870,0,3901,0,4529,0,1454,1455,0,1490,851,0,3737,0,1536,383,4730,1038,0,1234,0,1695,0,3099,0,3643,0,1546,1168,0,2416,0,4473,0,1611,2778,0,1619,1618,0,1693,1107,0,1846,0,2682,0,2889,0,3707,0,4588,0,4827,0,1710,4846,0,1717,1769,0,1736,517,0,1909,0,1744,1743,0,1771,713,0,3410,0,4452,0,4550,0,4656,0,1783,212,0,3867,0,1840,138,0,1689,0,2734,0,3521,0,1847,809,0,3143,0,1881,3347,0,1893,4435,0,1960,712,0,3604,0,4305,0,1972,2352,0,1980,2488,0,2544,0,3136,0,2157,4261,0,2163,975,0,1467,0,2372,0,3357,0,2222,1875,0,4664,0,2294,1174,0,1543,0,2399,1097,0,1287,0,1329,0,2599,0,3520,0,2423,2424,0,2478,440,0,1429,0,2572,1726,0,2573,0,2622,988,0,2373,0,3435,0,3941,0,2702,1958,0,1996,0,2575,0,3899,0,4301,0,2733,2727,0,3953,0,2774,585,0,2784,2477,0,2802,3824,0,2957,2956,0,2960,355,0,2760,0,3700,0,4235,0,3034,3226,0,3096,3874,0,3114,84,0,1087,0,4646,0,3135,4133,0,3180,551,0,1133,0,1634,0,3181,3179,0,3429,2518,0,3430,3431,0,3519,1503,0,2623,0,3586,1,0,2343,0,3137,0,3616,145,0,3708,4824,0,3752,544,0,1782,0,2295,0,3227,0,4190,0,3775,3728,0,4655,0,3791,2608,0,3806,110,0,2959,0,4370,0,3814,359,0,711,0,1929,0,2494,0,3864,793,0,1086,0,3131,0,4033,0,3927,1297,0,4012,0,3945,2100,0,4132,2265,0,4136,357,0,642,0,1376,0,3433,0,4155,942,0,3272,0,3374,0,4237,2213,0,2351,0,4249,2585,0,4309,518,0,1106,0,4307,0,4342,2661,0,4371,1554,0,2099,0,2825,0,4400,2258,0,3730,0,4426,1502,0,3459,0,4505,0,4437,1100,0,2532,0,4436,0,4509,989,0,3508,0,4454,0,4599,3944,0,4154,0,4623,2049,0,2496,0,4809,0,4625,185,0,4626,252,0,4672,4591,0,4730,1981,0,4737,319,0,326,0,4770,4771,0,4858,2014,0,3031,0,3753,0,3922,0,4186,0,4354,0,4904,4366,0
27,1,1617,0,3,2523,0,28,318,0,902,0,3382,0,3947,0,65,4586,0,84,1553,0,2001,0,2324,0,110,3600,0,160,3829,0,185,2559,0,4093,0,192,190,0,1538,0,2080,0,208,1169,0,4028,0,305,82,0,319,25,0,4081,0,326,810,0,3290,0,332,1016,0,1426,0,2418,0,337,2772,0,339,4686,0,354,4408,0,355,312,0,1419,0,3080,0,4032,0,356,3404,0,359,1605,0,3746,0,4627,0,368,3710,0,383,3507,0,3665,0,433,2525,0,440,3468,0,473,3750,0,498,3270,0,518,303,0,2146,0,537,850,0,538,4138,0,4340,0,544,1987,0,1991,0,2200,0,2728,0,550,4365,0,559,2340,0,569,1200,0,609,2942,0,3402,0,4031,0,4820,0,616,1810,0,2117,0,639,2102,0,642,3460,0,660,681,0,711,1055,0,2464,0,2982,0,712,835,0,713,826,0,4743,0,733,345,0,556,0,4021,0,737,625,0,3060,0,793,3254,0,813,120,0,189,0,4364,0,819,1309,0,851,311,0,865,4520,0,890,892,0,4025,0,4857,0,891,3228,0,900,906,0,942,455,0,3534,0,4670,0,975,2765,0,989,213,0,4554,0,993,726,0,1011,3387,0,1038,3014,0,3266,0,3985,0,1040,4181,0,1086,3827,0,1097,1366,0,1100,1400,0,1101,348,0,1107,1682,0,2327,0,1162,4580,0,1173,546,0,1954,0,1174,3917,0,1202,4108,0,1254,1934,0,1287,1451,0,4339,0,1288,4842,0,1290,1963,0,1297,1131,0,2113,0,1329,3376,0,1376,2652,0,1429,2074,0,3058,0,4910,0,1467,1555,0,4696,0,1502,709,0,1503,4856,0,1543,3117,0,4353,0,1549,3277,0,1568,1999,0,3436,0,1594,1790,0,3606,0,1624,2756,0,1679,1201,0,1689,2703,0,1690,2257,0,3627,0,1693,808,0,1695,1544,0,3341,0,1726,2826,0,1736,666,0,1797,438,0,3777,0,1821,1825,0,4587,0,1838,3900,0,1840,582,0,1846,3858,0,1875,4829,0,1881,2051,0,4196,0,1901,1031,0,1929,567,0,1971,91,0,2513,0,1972,3145,0,1979,456,0,1996,2807,0,3175,0,2084,861,0,3061,0,3621,0,4732,0,2093,2048,0,2098,1646,0,4104,0,2100,1342,0,2120,2628,0,2213,2266,0,2258,2115,0,2295,610,0,2328,2329,0,2351,4294,0,2352,4360,0,2399,2462,0,2414,3716,0,2416,369,0,2423,4897,0,2488,3803,0,2517,3701,0,2518,742,0,3274,0,2541,2251,0,2253,0,2544,2514,0,2575,1470,0,2682,1489,0,2710,109,0,2734,2508,0,2778,1610,0,2820,2281,0,2956,3134,0,3114,304,0,3136,451,0,3144,3729,0,3160,1026,0,3239,3409,0,3272,2979,0,3429,3724,0,3519,4576,0,3582,853,0,4920,0,3700,3817,0,3728,4720,0,3730,1686,0,3847,2252,0,3874,2112,0,3918,2233,0,3945,3946,0,3984,869,0,4090,1163,0,4190,1164,0,4237,3952,0,4307,4306,0,4317,3307,0,4342,4634,0,4435,2220,0,4454,1997,0,4737,2325,0,4763,4374,0,4923,2238,0
28,82,2104,0,91,3505,0,3527,0,270,182,0,355,641,0,383,2353,0,517,514,0,550,762,0,556,555,0,567,568,0,666,3075,0,742,1675,0,751,1871,0,1003,1195,0,1049,3147,0,1132,1975,0,1157,1160,0,1348,58,0,1396,4379,0,1543,3236,0,1618,723,0,1695,2466,0,1734,1735,0,1929,759,0,1971,493,0,2112,1545,0,2653,1175,0,2703,1521,0,2756,1378,0,2796,0,2807,3297,0,3014,4387,0,3460,3336,0,3582,3721,0,3744,3742,0,3753,4909,0,3756,3755,0,3803,3804,0,3827,3186,0,3874,3872,0,4016,4015,0,4196,4195,0,4252,4251,0,4574,4264,0,4710,1926,0,4737,4738,0,4920,268,0
29,91,1530,0,312,541,0,4551,0,473,472,0,995,966,0,1040,1042,0,1195,746,0,1273,1272,0,1378,896,0,1489,2245,0,1548,1551,0,1620,2285,0,1624,743,0,1736,330,0,1782,783,0,1871,2555,0,1971,1345,0,2160,0,2023,2024,0,2072,3581,0,2094,3015,0,2281,2283,0,2329,884,0,2756,2505,0,3294,0,2820,535,0,3040,3039,0,3048,817,0,3099,3097,0,3139,3138,0,3307,3132,0,3409,283,0,3429,3432,0,3436,957,0,3527,1044,0,2020,0,3582,3223,0,3728,4908,0,3744,3741,0,4195,1950,0,4327,946,0,4339,4341,0,4846,3807,0,4897,4898,0
30,268,269,0,395,396,0,472,474,0,585,584,0,680,602,0,746,2634,0,751,752,0,755,3654,0,853,3345,0,890,231,0,906,4545,0,947,949,0,1003,1000,0,1044,952,0,3494,0,1160,1035,0,1178,1937,0,1201,198,0,3833,0,1378,179,0,1387,655,0,1972,1969,0,1999,1998,0,2020,1045,0,2098,1732,0,2105,2836,0,2160,4286,0,2258,2315,0,2285,3279,0,2325,2326,0,2372,336,0,3555,0,2555,3077,0,2784,2783,0,3000,2064,0,3048,3046,0,3075,3199,0,3134,4209,0,3186,2938,0,3828,0,3294,1208,0,1830,0,3505,2896,0,3741,443,0,3807,3696,0,4060,1237,0,4195,3996,0,4331,2975,0,4574,4689,0,4610,4609,0,4904,2128,0
