1,3352,3354,0
2
3,3354,3355,0
4
5
6
7
8
9,3352,2733,0,3565,0
10,2733,1543,0,1797,0,2051,0,2799,0,4623,0
11,1543,1087,0,1689,0,2294,0,2572,0,2734,0,1797,2115,0,2352,0,2513,0,3507,0,4809,0,2051,1297,0,1693,0,1767,0,3131,0,4028,0,4190,0,4339,0,4526,0,4857,0,2733,864,0,2266,0,3290,0,4426,0,2799,1223,0,1724,0,2378,0,2773,0,3156,0,4810,0,4623,3099,0,3114,0,3136,0,3730,0
12,864,110,0,213,0,1690,0,2653,0,4863,0,1087,3227,0,3803,0,4353,0,1223,716,0,2205,0,3501,0,3599,0,1297,742,0,1131,0,4249,0,1689,1987,0,2099,0,2220,0,2826,0,3239,0,4093,0,4580,0,1693,1086,0,1100,0,1724,158,0,2512,0,3381,0,1767,556,0,3080,0,3436,0,4880,0,1797,1783,0,2049,0,2559,0,4094,0,4505,0,4909,0,2051,544,0,733,0,2399,0,3061,0,4305,0,4370,0,2115,84,0,2241,0,2825,0,3361,0,4821,0,2266,337,0,2213,0,3058,0,3291,0,3729,0,4360,0,4364,0,2294,25,0,185,0,2352,1017,0,1743,0,2098,0,2222,0,2478,0,3600,0,3984,0,2378,1321,0,3480,0,4236,0,2513,3728,0,3953,0,4400,0,2572,348,0,1546,0,3519,0,2733,121,0,1609,0,2706,0,3332,0,3987,0,4462,0,2734,1228,0,2200,0,2514,0,3752,0,3777,0,2773,180,0,1959,0,2377,0,2799,738,0,1577,0,1655,0,2659,0,4412,0,3099,809,0,1168,0,3014,0,3114,1971,0,2550,0,3922,0,4354,0,3131,808,0,1200,0,2104,0,3254,0,3136,865,0,1979,0,2488,0,3410,0,3665,0,3900,0,3156,1744,0,2206,0,2999,0,3187,0,4192,0,4211,0,3290,1162,0,3753,0,3507,305,0,491,0,1252,0,1838,0,2727,0,2959,0,3297,0,3404,0,3730,252,0,712,0,1502,0,1535,0,1686,0,4646,0,4737,0,4028,345,0,1400,0,1999,0,4339,1202,0,4426,2807,0,4472,0,4526,891,0,912,0,1366,0,1538,0,2343,0,3435,0,3737,0,4822,0,4623,869,0,4265,0,4809,1503,0,1536,0,4294,0,4810,265,0,1383,0,2290,0,2328,0,3049,0,4857,569,0,1097,0,1544,0,2113,0,2462,0,4529,0
13,25,138,0,2575,0,3266,0,4664,0,84,120,0,1954,0,110,326,0,3117,0,121,102,0,229,0,399,0,842,0,1248,0,2221,0,2963,0,3140,0,158,397,0,536,0,1656,0,2736,0,4014,0,4092,0,180,1154,0,1384,0,1892,0,2913,0,4684,0,185,1997,0,3775,0,4387,0,252,2772,0,3521,0,265,1157,0,1335,0,1385,0,1626,0,1983,0,2162,0,2164,0,3774,0,4455,0,305,355,0,1342,0,4136,0,337,369,0,1077,0,3604,0,4186,0,345,1545,0,1900,0,1929,0,1934,0,4012,0,4108,0,4309,0,348,2508,0,3601,0,4301,0,491,1175,0,2702,0,3236,0,3857,0,544,3433,0,556,2373,0,2540,0,569,122,0,1426,0,1885,0,1916,0,2541,0,2977,0,3137,0,4154,0,4599,0,712,1554,0,4858,0,716,1293,0,1919,0,2588,0,2876,0,4719,0,733,1682,0,2532,0,3874,0,4663,0,738,306,0,1858,0,2601,0,3356,0,4707,0,742,567,0,808,1329,0,1451,0,809,2002,0,3627,0,4371,0,4473,0,864,354,0,610,0,861,0,4081,0,865,146,4526,433,4827,2466,0,3228,0,3977,0,4138,0,4861,0,869,713,0,891,28,0,2683,0,3341,0,3700,0,3947,0,912,3374,0,3624,0,4155,0,1017,304,0,4237,0,1086,2518,0,3619,0,3829,0,3941,0,4811,0,1087,438,0,2652,0,3034,0,1097,737,0,2093,0,2100,0,2327,0,1131,2960,0,3534,0,4588,0,4924,0,1162,340,0,4454,0,1168,3175,0,1200,639,0,2372,0,3272,0,1202,2682,0,1223,347,0,1388,0,1576,0,1988,0,3069,0,3358,0,3441,0,1252,4435,0,1297,2760,0,4342,0,4437,0,4820,0,1321,931,0,1495,0,2075,0,4280,0,1366,455,0,1026,0,1169,0,1821,0,3520,0,3586,0,3643,0,1383,92,0,2121,0,1400,788,0,1503,2168,0,1535,2014,0,1536,1588,0,1991,0,2602,0,3830,0,4278,0,1538,160,0,1881,0,2585,0,2608,0,3180,0,1544,2414,0,3606,0,1546,546,0,1577,445,0,820,0,1253,0,1262,0,1841,0,1609,1522,0,1990,0,4872,0,1655,430,0,4087,0,1686,1771,0,3143,0,1693,1133,0,2494,0,2914,0,4696,0,1724,1708,0,2762,0,1743,212,0,2258,0,4655,0,4686,0,4856,0,1744,640,0,2428,0,2587,0,3165,0,4624,0,1767,1132,0,1549,0,2464,0,2622,0,1783,826,0,1847,0,3508,0,4374,0,4743,0,1838,559,0,3867,0,1959,2401,0,3328,0,4304,0,4428,0,1971,3223,0,3255,0,3488,0,3967,0,1979,642,0,1376,0,1429,0,2257,0,2703,0,2710,0,1987,2325,0,2340,0,2049,3468,0,2051,65,0,660,0,1846,0,1996,0,2099,709,0,2104,82,0,2113,1234,0,2048,0,4832,0,2115,383,0,1875,0,2200,3806,0,2205,948,0,2206,1635,0,1705,0,2398,0,4679,0,2220,582,0,2222,789,0,3276,0,4232,0,2290,994,0,1569,0,1960,0,2022,0,2209,0,2294,357,0,2328,52,0,727,0,3157,0,3442,0,4303,0,2343,993,0,1055,0,3274,0,3750,0,4520,0,4670,0,2352,813,0,1174,0,4452,0,2377,150,0,2821,0,3871,0,2378,130,0,394,0,3040,0,4209,0,2399,2145,0,2462,882,0,1107,0,1287,0,2942,0,2478,1726,0,2488,2295,0,2512,1523,0,4605,0,2513,2544,0,2514,1553,0,2416,0,4554,0,4720,0,2550,1893,0,2559,4829,0,2572,4104,0,2653,451,0,2659,1839,0,3141,0,2706,679,0,4375,0,4626,0,2727,3144,0,2734,4550,0,4923,0,2773,1982,0,2799,224,0,2825,2324,0,3014,2351,0,3049,1593,0,3026,0,3048,0,4704,0,3058,319,0,1840,0,4763,0,3061,1594,0,2599,0,3814,0,3080,190,0,303,0,318,0,1825,0,4842,0,3114,189,0,3136,2496,0,3031,0,4509,0,4625,0,3187,3379,0,3500,0,3254,473,0,1467,0,4021,0,3291,3360,0,3899,0,3297,1173,0,3332,4096,0,3361,3344,0,3965,0,3381,1304,0,2813,0,2931,0,3554,0,3615,0,3435,192,0,3791,0,4627,0,3436,1354,0,2080,0,3350,0,4090,0,3480,2087,0,3215,0,3501,401,0,2600,0,3364,0,3519,810,0,3460,0,3599,431,0,1041,0,2677,0,3167,0,3425,0,3737,2146,0,4025,0,3752,2353,0,3777,2728,0,3953,1101,0,3984,1972,0,3987,266,0,2150,0,4028,1254,0,1288,0,1675,0,2084,0,2102,0,4094,1338,0,4192,557,0,4574,0,4211,2379,0,2667,0,2704,0,2820,0,4236,4024,0,4249,1634,0,1676,0,2418,0,3945,0,4265,2123,0,4305,1038,0,4353,2074,0,4360,356,0,4370,4910,0,4400,4576,0,4412,1296,0,4434,0,4426,1164,0,4462,3877,0,4472,3409,0,4526,312,0,4529,902,0,4646,440,0,4737,1170,0,4810,495,0,3709,0,4703,0,4822,3096,0,4857,726,0,4880,3,0,3864,0
14,3,2083,0,2523,0,2708,0,28,711,0,759,0,1617,0,3944,0,52,3116,0,65,518,0,1646,0,1901,0,3870,0,82,1290,0,1555,0,2982,0,3901,0,121,972,0,4573,0,122,2461,0,2929,0,3406,0,3831,0,138,1470,0,146,3458,0,150,3348,0,180,4825,0,190,2163,0,3716,0,192,4733,0,213,2001,0,3459,0,224,929,0,2427,0,229,2754,0,266,395,0,945,0,303,1106,0,306,2023,0,2856,0,4826,0,312,681,0,318,332,0,326,2623,0,345,609,0,890,0,942,0,3402,0,347,1918,0,2046,0,355,641,0,383,382,0,3226,0,394,153,0,397,728,0,399,99,0,3446,0,430,50,0,3414,0,431,188,0,4727,0,433,4586,0,455,975,0,1016,0,1679,0,3724,0,473,988,0,3277,0,495,1680,0,536,1263,0,544,339,0,557,597,0,1056,0,2946,0,569,1427,0,2525,0,3616,0,3698,0,4736,0,639,811,0,1491,0,640,680,0,3413,0,660,793,0,679,1130,0,4789,0,716,1040,0,1266,0,4377,0,726,1568,0,2661,0,737,1105,0,738,4818,0,4828,0,742,625,0,3429,0,788,208,0,789,1921,0,2003,0,808,3060,0,809,835,0,820,2577,0,865,1790,0,2112,0,882,2517,0,912,359,0,1695,0,4196,0,948,1251,0,1026,1201,0,1100,1605,0,1107,3347,0,1131,1489,0,1563,0,1133,2889,0,1154,973,0,1200,2027,0,1202,1963,0,1234,4235,0,1248,147,0,1293,3346,0,1297,4660,0,1321,883,0,1335,2045,0,1338,2850,0,3427,0,1354,3858,0,1383,862,0,1426,4587,0,1522,3000,0,1536,1914,0,3135,0,3396,0,3824,0,3860,0,1549,3827,0,1588,499,0,1596,0,2764,0,3062,0,4277,0,1594,4032,0,1626,1387,0,1634,3376,0,1635,558,0,1693,3160,0,1724,2812,0,1743,4408,0,1744,3449,0,1767,3817,0,1771,1980,0,1783,456,0,1821,4732,0,1839,195,0,1454,0,1841,4013,0,1846,2105,0,1858,2147,0,4661,0,1881,2979,0,1885,2114,0,3699,0,1900,4634,0,1916,384,0,847,0,1386,0,2542,0,2709,0,4729,0,1919,3549,0,1929,4031,0,1971,845,0,1968,0,2157,0,2753,0,1972,1970,0,1983,193,0,645,0,956,0,1278,0,2140,0,2473,0,4327,0,1997,4492,0,1999,498,0,2002,1134,0,1922,0,2238,0,3550,0,2048,538,0,3357,0,4033,0,2098,989,0,2099,1455,0,2113,551,0,2121,1194,0,1567,0,2150,3815,0,2205,4622,0,2258,3301,0,2290,2567,0,2327,3927,0,2379,4739,0,2466,1,0,2488,368,0,2494,4340,0,2512,1899,0,2518,3621,0,2532,4525,0,2585,3382,0,2587,1984,0,2602,134,0,2477,0,4730,0,2704,1011,0,2799,2243,0,2813,3372,0,2820,2519,0,2942,4827,0,2977,812,0,3181,0,3183,0,3426,0,3920,0,2999,2151,0,3026,103,0,1249,0,3031,1046,0,3061,3746,0,3069,1129,0,3080,850,0,3167,446,0,2120,0,3180,1419,0,3215,1012,0,3223,952,0,3302,0,3255,2160,0,3294,0,3328,4193,0,3374,3707,0,3410,1958,0,3442,4577,0,3488,480,0,4433,0,3554,2763,0,3830,2606,0,2930,0,4025,2765,0,4209,129,0,4237,3145,0,4265,109,0,4278,623,0,4279,0,4675,0,4360,4656,0,4437,537,0,4574,3778,0,4811,4610,0,4820,1490,0,4832,311,0,4842,3701,0
15,3,4731,0,52,616,0,103,100,0,122,677,0,1074,0,1375,0,3265,0,4261,0,134,731,0,1698,0,2072,0,3205,0,3563,0,147,226,0,346,0,2925,0,3670,0,193,1088,0,2472,0,2809,0,3391,0,213,1782,0,224,222,0,368,3986,0,384,1985,0,3263,0,3617,0,431,429,0,446,1871,0,480,1717,0,3625,0,499,184,0,470,0,736,0,3101,0,3380,0,4080,0,558,1079,0,567,3270,0,569,1300,0,1340,0,623,1620,0,645,1910,0,4252,0,812,750,0,2141,0,2306,0,2784,0,3652,0,3801,0,826,3952,0,845,1619,0,2330,0,3564,0,3848,0,929,1911,0,2958,0,3676,0,4753,0,952,4195,0,1097,1096,0,1234,1235,0,1288,1163,0,1321,4718,0,1387,4188,0,4591,0,1419,187,0,1421,0,1536,492,4811,1696,0,4519,0,4566,0,1588,2849,0,3756,0,1771,1769,0,1841,228,0,1885,124,0,846,0,1914,3313,0,3708,0,1916,2,0,1049,0,3142,0,4260,0,1968,2095,0,3327,0,1970,3713,0,1971,560,0,2810,0,2969,0,3505,0,1980,590,0,3533,0,1983,570,0,2045,2369,0,2083,1548,0,4824,0,2114,1276,0,4133,0,2140,3757,0,4879,0,2157,1207,0,2148,0,3782,0,2220,2223,0,2222,1291,0,2327,2329,0,2372,674,0,2461,211,0,2473,4321,0,2477,798,0,1298,0,1353,0,2769,0,3113,0,3281,0,3629,0,3671,0,4250,0,2542,1981,0,2423,0,4488,0,2602,2654,0,2606,4262,0,2661,851,0,2708,2089,0,2887,0,2709,145,0,349,0,2094,0,2753,1179,0,2764,545,0,4402,0,4702,0,2929,2455,0,4132,0,2930,1153,0,2977,1178,0,3040,3039,0,3062,479,0,3135,553,0,3181,2021,0,3183,951,0,3294,4362,0,4920,0,3302,4238,0,3396,36,0,196,0,844,0,2524,0,3427,1595,0,2624,0,3488,4050,0,3604,3607,0,3616,1180,0,3824,2116,0,3672,0,3830,44,0,3831,2073,0,3860,2212,0,2465,0,3920,4636,0,4672,0,4674,0,3967,2016,0,4278,367,0,4327,592,0,4342,4343,0,4675,4101,0,4729,3981,0,4730,4102,0
16,36,3859,0,4329,0,44,3245,0,122,3537,0,145,1992,0,184,3663,0,196,3070,0,211,126,0,346,2469,0,3189,0,384,469,0,751,0,433,435,0,479,3395,0,545,2802,0,590,3669,0,623,800,0,1198,0,674,3296,0,844,1416,0,1704,0,846,3430,0,847,3311,0,3312,0,972,2805,0,1011,1449,0,1074,1075,0,2491,0,1130,115,0,1157,1292,0,1178,928,0,1179,4328,0,1300,2426,0,1340,3898,0,1353,2122,0,3954,0,1548,225,0,4223,0,1717,1575,0,1871,4379,0,1910,968,0,2787,0,1922,1923,0,1980,2711,0,4922,0,1983,917,0,2021,3108,0,2094,2199,0,2140,4461,0,2148,4773,0,2160,3964,0,2472,2505,0,2541,4752,0,2602,1534,0,2652,328,0,2753,376,0,2784,2786,0,2914,2912,0,2958,1314,0,2979,2978,0,3131,4030,0,3255,2896,0,3294,3432,0,3302,91,0,3442,3440,0,3505,179,0,3803,1640,0,4101,4103,0,4232,4233,0,4743,4745,0,4920,296,0
17,91,493,0,100,1250,0,129,4503,0,296,1151,0,456,457,0,616,2774,0,674,336,0,865,863,0,1011,2040,0,1079,1078,0,1153,3823,0,1164,784,0,1167,0,1266,1496,0,1314,2956,0,1449,786,0,1901,2574,0,1971,1530,0,2258,2192,0,2472,4545,0,4669,0,2541,4130,0,2805,2064,0,2912,186,0,2958,2283,0,3223,4890,0,3296,4678,0,3402,3403,0,3607,9,0,3944,3340,0,3947,3946,0,4030,648,0,4032,3349,0,4195,2242,0,4362,4286,0,4636,4635,0,4743,4744,0,4920,1378,0,4921,0
18,1151,1624,0,1201,13,0,1291,1856,0,1314,1315,0,1378,896,0,1137,0,1196,0,3582,0,1449,4331,0,1553,2941,0,3473,0,2072,3578,0,2145,2304,0,2151,3742,0,2160,853,0,2242,4164,0,2704,2707,0,3031,1879,0,3361,3359,0,3440,3439,0,3750,3751,0,4032,2808,0,4090,4091,0,4130,2253,0,4195,46,0,4890,2197,0,4921,3229,0,4346,0
19,52,4562,0,357,2836,0,826,3985,0,844,1215,0,968,4533,0,1235,1688,0,1291,739,0,1914,1915,0,1980,1669,0,2072,4853,0,2151,2276,0,2283,4183,0,2353,293,0,2709,2712,0,2774,825,0,4016,0,2820,2035,0,2876,2877,0,3229,268,0,3825,0,3302,1044,0,3361,924,0,3414,4122,0,3439,1483,0,3505,1345,0,2796,0,3578,3581,0,4032,3608,0,4164,4063,0,4238,1830,0
20,13,4177,0,84,85,0,469,2254,0,493,743,0,569,568,0,648,687,0,739,584,0,798,859,0,975,974,0,1011,2884,0,1174,773,0,1345,3345,0,1400,1399,0,1767,1766,0,1971,1738,0,2040,3387,0,2253,3445,0,2276,668,0,2330,2331,0,2372,3555,0,2774,591,0,1358,0,1868,0,3582,3527,0,3615,3614,0,3742,3474,0,4063,4786,0,4122,4046,0,4331,3650,0,4545,3494,0,4546,0,4703,603,0
21,115,2939,0,3844,0,648,4446,0,825,2139,0,952,4594,0,1137,391,0,1157,1160,0,1345,3378,0,1449,2132,0,1483,513,0,1482,0,1734,0,1555,1556,0,1669,1673,0,1868,2299,0,2145,1822,0,2465,2463,0,2661,2660,0,2774,4568,0,3312,203,0,3578,3417,0,3652,3653,0,4032,2029,0,4164,3515,0,4183,2281,0,4304,4302,0,4362,2047,0,4574,4689,0
22,9,8,0,648,1082,0,773,76,0,1078,3224,0,1157,1158,0,1734,2041,0,2160,2158,0,2281,581,0,2372,1638,0,2774,58,0,2808,1642,0,2836,3310,0,2978,4333,0,3048,3046,0,3361,4885,0,3378,89,0,3505,2756,0,3844,3522,0,3874,3873,0,3965,2783,0,4574,782,0,4872,4871,0
23,89,1667,0,584,3816,0,825,63,0,1038,1037,0,1082,1197,0,1178,1225,0,1536,240,4572,2573,0,1782,783,0,1800,0,2041,227,0,2158,2159,0,2160,1218,0,2168,260,0,2372,249,0,521,0,2896,1043,0,3229,4530,0,3345,906,0,3473,2077,0,3515,1950,0,2972,0,3601,3251,0,4188,4187,0,4279,320,0,4587,4423,0,4786,913,0
24,58,946,0,227,694,0,1371,0,1674,0,493,4127,0,513,90,0,2474,0,581,579,0,825,1231,0,896,1045,0,952,953,0,1049,3147,0,1207,1208,0,1215,1320,0,1638,239,0,1667,1666,0,1822,1671,0,1871,2555,0,2132,2386,0,2139,2528,0,2213,2214,0,2299,3880,0,2559,2560,0,2774,20,0,2117,0,3310,1357,0,3473,78,0,3555,1481,0,4279,321,0,2203,0,4446,4528,0,4568,718,0,1867,0,3909,0
25,3,3012,0,13,1584,0,78,2135,0,513,4506,0,694,1736,0,718,4076,0,1218,2337,0,1225,1341,0,1345,732,0,1371,297,0,1667,1665,0,1738,2044,0,1743,1746,0,1782,2905,0,1868,512,0,1915,4540,0,1950,3919,0,2029,2742,0,2474,827,0,2528,983,0,2769,2768,0,2774,2006,0,2770,0,3544,0,4662,0,3229,1578,0,3387,3651,0,3909,2055,0,4096,4097,0,4503,4501,0,4528,2529,0,4669,4668,0,4853,4850,0
26,3,3466,0,20,3891,0,90,1826,0,252,253,0,513,3342,0,521,520,0,673,0,694,693,0,825,3204,0,1011,2236,0,1037,1612,0,1049,1051,0,1197,2957,0,1341,1937,0,3269,0,1357,770,0,1536,2992,0,1674,489,0,1736,3250,0,1822,977,0,1960,3316,0,2160,4391,0,2276,14,0,2742,2671,0,2768,4004,0,2770,4582,0,2774,1780,0,2939,2940,0,3014,3015,0,3349,3524,0,3378,2657,0,3409,796,0,3473,3470,0,3522,2664,0,3809,0,3599,3602,0,3614,3477,0,3816,895,0,4076,1909,0,4435,4436,0,4506,1645,0,4471,0,4528,4889,0
27,3,2482,0,63,1463,0,429,432,0,489,1394,0,513,1611,0,1833,0,4466,0,906,458,0,977,1699,0,1584,1587,0,1645,3851,0,1738,1237,0,1780,517,0,1826,1827,0,2493,0,2044,543,0,2064,2125,0,2077,3906,0,2236,3200,0,2276,3535,0,2337,4775,0,2756,900,0,2774,4876,0,2783,3966,0,2808,3464,0,3250,3249,0,3474,1636,0,3544,587,0,1230,0,3994,0,3581,1067,0,4127,767,0,4195,3996,0,4732,4467,0
28,13,685,0,63,3938,0,240,238,0,513,1412,0,827,4465,0,983,2530,0,1151,4779,0,1341,1749,0,1371,32,0,1645,3052,0,1826,3557,0,1871,3077,0,1909,1908,0,1950,1952,0,2094,2097,0,2160,2990,0,2474,1222,0,4129,0,2493,3289,0,2884,2975,0,2939,201,0,3015,613,0,3229,3231,0,3310,664,0,3409,636,0,3473,3471,0,3474,4392,0,3851,1898,0,3909,2039,0,4103,749,0,4279,4638,0,4703,2302,0,4850,1285,0,4889,666,0
29,63,16,0,90,2475,0,2539,0,238,2832,0,613,3693,0,900,898,0,1045,2020,0,1151,1152,0,1412,1430,0,1536,475,4753,1736,330,0,1735,0,1800,1801,0,1898,2739,0,1937,961,0,1952,2934,0,2029,2951,0,2039,3514,0,2044,1627,0,2236,893,0,2302,1745,0,2742,4180,0,3052,1150,0,3229,1098,0,3289,1920,0,3555,608,0,3601,2834,0,4471,1267,0
30,9,2053,0,2250,0,90,2396,0,330,3199,0,718,719,0,946,949,0,1222,4645,0,1225,4721,0,1780,586,0,1827,2297,0,1952,1949,0,2006,1810,0,2044,1969,0,2475,753,0,982,0,2493,3242,0,2742,1204,0,2951,2950,0,3250,4456,0,3816,3852,0,4129,3631,0,4465,981,0,4466,1747,0,3630,0,4457,0,4467,4468,0,4471,1515,0,2397,0,4909,1805,0,3881,0
